500
250
1
50
100

0 223 253 195 557 442 302 371 669 211 138 539 350 380 753 160 390 861 506 450 305 336 537 132 113 663 324 495 411 605 411 559 802 132 584 548 386 462 765 222 443 616 608 147 721 514 476 376 804 99 
223 0 426 70 490 504 349 334 451 434 189 520 132 196 534 243 519 700 443 535 400 226 389 264 327 482 108 272 214 389 265 440 650 182 392 326 292 240 583 221 471 393 388 188 576 513 456 457 583 209 
253 426 0 426 508 274 537 345 871 188 241 441 523 504 952 194 561 1107 464 254 517 402 586 365 261 900 533 685 542 750 485 570 1050 385 815 741 638 638 834 264 315 782 806 245 970 400 720 586 956 349 
195 70 426 0 553 541 279 389 477 404 208 575 192 266 561 261 451 682 505 567 331 291 459 204 285 474 137 310 282 445 334 508 627 120 391 360 241 289 650 261 516 441 417 210 550 564 393 387 631 153 
557 490 508 553 0 291 818 186 719 667 419 114 450 347 774 405 945 1101 51 347 847 263 213 678 655 872 534 561 369 492 254 133 1067 626 775 602 777 500 407 335 219 563 660 410 1007 155 945 915 661 625 
442 504 274 541 291 0 743 218 877 460 338 191 540 470 948 291 812 1198 263 57 744 345 450 574 502 973 593 694 506 692 404 398 1151 558 877 747 781 635 683 282 74 748 812 334 1078 146 909 816 888 537 
302 349 537 279 818 743 0 641 643 410 416 822 459 544 721 455 204 674 768 752 82 563 738 173 284 533 378 527 556 691 613 785 607 193 493 562 212 530 921 495 739 665 600 423 525 803 187 112 851 206 
371 334 345 389 186 218 641 0 663 487 234 186 337 255 731 219 760 1002 136 270 666 133 250 494 469 774 404 483 290 475 186 224 960 448 677 533 626 422 496 150 158 530 598 225 892 179 781 734 673 443 
669 451 871 477 719 877 643 663 0 880 630 806 350 408 84 679 847 421 695 923 723 532 512 665 761 229 345 188 372 243 484 597 412 583 178 133 440 243 499 628 821 165 66 626 389 823 608 746 251 624 
211 434 188 404 667 460 410 487 880 0 298 614 558 574 964 280 387 1046 619 441 368 502 702 257 135 861 536 706 608 810 584 705 983 315 788 759 561 671 943 363 494 824 819 307 901 577 597 432 1011 272 
138 189 241 208 419 338 416 234 630 298 0 408 283 278 711 54 526 886 369 360 433 207 409 261 243 671 295 444 314 520 287 424 833 225 581 500 445 398 646 84 324 545 565 9 757 387 572 503 725 212 
539 520 441 575 114 191 822 186 806 614 408 0 507 413 866 380 928 1171 113 244 841 305 317 668 625 942 583 638 441 590 325 243 1132 629 844 683 811 576 521 327 128 657 744 400 1068 46 966 911 767 620 
350 132 523 192 450 540 459 337 350 558 283 507 0 105 429 330 642 666 411 582 519 205 300 395 458 438 92 163 101 257 197 368 625 311 340 218 347 115 462 278 492 267 285 278 561 512 533 571 454 341 
380 196 504 266 347 470 544 255 408 574 278 413 105 0 479 313 714 759 311 517 596 124 199 454 493 530 196 228 39 246 93 263 722 376 432 278 450 167 390 241 413 285 343 271 660 422 632 653 452 397 
753 534 952 561 774 948 721 731 84 964 711 866 429 479 0 759 925 418 754 996 801 603 562 748 845 265 428 267 442 284 549 648 423 666 241 211 515 319 513 705 889 210 146 707 416 886 675 822 224 707 
160 243 194 261 405 291 455 219 679 280 54 380 330 313 759 0 548 940 355 309 464 224 423 291 250 725 348 492 351 558 308 427 887 267 635 548 496 444 665 83 285 588 614 55 811 354 617 535 764 248 
390 519 561 451 945 812 204 760 847 387 526 928 642 714 925 548 0 844 894 806 126 709 899 270 310 728 569 726 733 885 771 935 776 339 694 764 412 724 1101 610 825 865 803 535 698 900 318 113 1052 326 
861 700 1107 682 1101 1198 674 1002 421 1046 886 1171 666 759 418 940 844 0 1069 1233 750 871 909 790 911 229 605 540 733 659 849 992 68 734 327 505 486 601 919 919 1155 582 460 887 148 1178 528 732 641 777 
506 443 464 505 51 263 768 136 695 619 369 113 411 311 754 355 894 1069 0 320 797 218 204 627 604 840 492 532 336 477 219 137 1033 576 742 575 733 469 422 284 190 544 635 360 971 143 898 865 655 575 
450 535 254 567 347 57 752 270 923 441 360 244 582 517 996 309 806 1233 320 0 747 392 506 581 498 1010 629 739 554 744 455 455 1184 573 916 792 805 680 740 314 131 798 858 357 1111 198 923 818 942 548 
305 400 517 331 847 744 82 666 723 368 433 841 519 596 801 464 126 750 797 747 0 601 786 173 256 615 444 600 613 760 658 827 682 225 574 638 294 598 980 516 748 739 678 441 602 818 242 72 926 222 
336 226 402 291 263 345 563 133 532 502 207 305 205 124 603 224 709 871 218 392 601 0 202 439 447 642 278 350 162 360 84 226 830 376 545 402 515 290 441 142 290 407 467 198 764 308 683 665 564 383 
537 389 586 459 213 450 738 250 512 702 409 317 300 199 562 423 899 909 204 506 786 202 0 632 649 683 392 370 200 279 129 86 881 561 588 404 647 313 248 340 378 352 456 400 828 346 831 845 451 575 
132 264 365 204 678 574 173 494 665 257 261 668 395 454 748 291 270 790 627 581 173 439 632 0 123 613 339 510 476 649 504 665 726 85 548 558 304 493 843 344 576 644 610 269 644 645 355 244 835 57 
113 327 261 285 655 502 284 469 761 135 243 625 458 493 845 250 310 911 604 498 256 447 649 123 0 729 422 594 523 715 523 667 849 184 659 646 426 567 878 324 517 720 703 252 767 595 470 326 910 141 
663 482 900 474 872 973 533 774 229 861 671 942 438 530 265 725 728 229 840 1010 615 642 683 613 729 0 382 313 504 448 620 766 198 545 98 284 323 373 717 697 928 374 249 670 160 949 440 617 478 589 
324 108 533 137 534 593 378 404 345 536 295 583 92 196 428 348 569 605 492 629 444 278 392 339 422 382 0 173 193 317 285 459 559 254 289 224 255 156 546 315 552 305 283 293 489 583 441 490 496 290 
495 272 685 310 561 694 527 483 188 706 444 638 163 228 267 492 726 540 532 739 600 350 370 510 594 313 173 0 197 176 313 453 510 426 218 56 356 62 443 440 641 139 122 440 459 650 545 637 327 463 
411 214 542 282 369 506 556 290 372 608 314 441 101 39 442 351 733 733 336 554 613 162 200 476 523 504 193 197 0 208 117 273 698 397 406 244 448 134 368 280 449 246 308 307 640 454 634 667 414 420 
605 389 750 445 492 692 691 475 243 810 520 590 257 246 284 558 885 659 477 744 760 360 279 649 715 448 317 176 208 0 289 364 643 565 365 172 531 161 273 488 627 78 200 514 605 613 720 803 206 597 
411 265 485 334 254 404 613 186 484 584 287 325 197 93 549 308 771 849 219 455 658 84 129 504 523 620 285 313 117 289 0 176 814 433 522 359 537 251 359 226 341 345 421 278 753 339 715 719 489 447 
559 440 570 508 133 398 785 224 597 705 424 243 368 263 648 427 935 992 137 455 827 226 86 665 667 766 459 453 273 364 176 0 963 601 670 488 712 394 285 345 324 438 542 415 909 278 891 890 527 609 
802 650 1050 627 1067 1151 607 960 412 983 833 1132 625 722 423 887 776 68 1033 1184 682 830 881 726 849 198 559 510 698 643 814 963 0 674 293 481 423 569 909 870 1111 567 443 834 82 1137 460 664 647 715 
132 182 385 120 626 558 193 448 583 315 225 629 311 376 666 267 339 734 576 573 225 376 561 85 184 545 254 426 397 565 433 601 674 0 475 473 254 408 764 302 549 559 527 231 593 611 351 290 750 43 
584 392 815 391 775 877 493 677 178 788 581 844 340 432 241 635 694 327 742 916 574 545 588 548 659 98 289 218 406 365 522 670 293 475 0 194 282 276 637 603 831 295 174 580 243 851 434 588 427 518 
548 326 741 360 602 747 562 533 133 759 500 683 218 278 211 548 764 505 575 792 638 402 404 558 646 284 224 56 244 172 359 488 481 473 194 0 379 112 445 495 691 113 66 496 437 697 564 671 289 512 
386 292 638 241 777 781 212 626 440 561 445 811 347 450 515 496 412 486 733 805 294 515 647 304 426 323 255 356 448 531 537 712 423 254 282 379 0 378 786 502 757 490 405 448 341 803 191 307 665 294 
462 240 638 289 500 635 530 422 243 671 398 576 115 167 319 444 724 601 469 680 598 290 313 493 567 373 156 62 134 161 251 394 569 408 276 112 378 0 409 387 580 154 178 393 516 588 568 642 344 442 
765 583 834 650 407 683 921 496 499 943 646 521 462 390 513 665 1101 919 422 740 980 441 248 843 878 717 546 443 368 273 359 285 909 764 637 445 786 409 0 583 610 343 468 637 876 560 977 1032 320 786 
222 221 264 261 335 282 495 150 628 363 84 327 278 241 705 83 610 919 284 314 516 142 340 344 324 697 315 440 280 488 226 345 870 302 603 495 502 387 583 0 255 524 562 76 797 310 643 585 694 294 
443 471 315 516 219 74 739 158 821 494 324 128 492 413 889 285 825 1155 190 131 748 290 378 576 517 928 552 641 449 627 341 324 1111 549 831 691 757 580 610 255 0 686 756 318 1041 85 896 819 820 533 
616 393 782 441 563 748 665 530 165 824 545 657 267 285 210 588 865 582 544 798 739 407 352 644 720 374 305 139 246 78 345 438 567 559 295 113 490 154 343 524 686 0 125 540 533 678 676 776 191 594 
608 388 806 417 660 812 600 598 66 819 565 744 285 343 146 614 803 460 635 858 678 467 456 610 703 249 283 122 308 200 421 542 443 527 174 66 405 178 468 562 756 125 0 561 408 760 582 706 263 567 
147 188 245 210 410 334 423 225 626 307 9 400 278 271 707 55 535 887 360 357 441 198 400 269 252 670 293 440 307 514 278 415 834 231 580 496 448 393 637 76 318 540 561 0 758 380 578 511 719 220 
721 576 970 550 1007 1078 525 892 389 901 757 1068 561 660 416 811 698 148 971 1111 602 764 828 644 767 160 489 459 640 605 753 909 82 593 243 437 341 516 876 797 1041 533 408 758 0 1071 384 585 634 634 
514 513 400 564 155 146 803 179 823 577 387 46 512 422 886 354 900 1178 143 198 818 308 346 645 595 949 583 650 454 613 339 278 1137 611 851 697 803 588 560 310 85 678 760 380 1071 0 952 888 796 599 
476 456 720 393 945 909 187 781 608 597 572 966 533 632 675 617 318 528 898 923 242 683 831 355 470 440 441 545 634 720 715 891 460 351 434 564 191 568 977 643 896 676 582 578 384 952 0 207 845 376 
376 457 586 387 915 816 112 734 746 432 503 911 571 653 822 535 113 732 865 818 72 665 845 244 326 617 490 637 667 803 719 890 664 290 588 671 307 642 1032 585 819 776 706 511 585 888 207 0 960 291 
804 583 956 631 661 888 851 673 251 1011 725 767 454 452 224 764 1052 641 655 942 926 564 451 835 910 478 496 327 414 206 489 527 647 750 427 289 665 344 320 694 820 191 263 719 634 796 845 960 0 785 
99 209 349 153 625 537 206 443 624 272 212 620 341 397 707 248 326 777 575 548 222 383 575 57 141 589 290 463 420 597 447 609 715 43 518 512 294 442 786 294 533 594 567 220 634 599 376 291 785 0 

1 1 1 1 1 1 1 1 1 1 1 1 1 1 1 1 1 1 1 1 1 1 1 1 1 1 1 1 1 1 1 1 1 1 1 1 1 1 1 1 1 1 1 1 1 1 1 1 1 1 1 1 1 1 1 1 1 1 1 1 1 1 1 1 1 1 1 1 1 1 1 1 1 1 1 1 1 1 1 1 1 1 1 1 1 1 1 1 1 1 1 1 1 1 1 1 1 1 1 1 

576 529 647 273 60 116 455 235 129 167 642 352 201 849 658 729 908 149 589 633 317 545 410 304 330 367 350 594 241 650 368 83 410 745 352 623 760 714 428 291 538 155 575 490 753 706 366 397 412 383 560 92 515 640 510 523 510 495 781 503 522 136 527 169 332 290 372 268 147 573 273 291 370 474 584 692 912 413 292 837 573 336 581 542 819 236 557 769 487 204 348 749 573 199 77 577 437 40 462 282 
353 443 533 196 166 261 234 114 201 63 419 283 400 660 531 529 710 116 515 469 96 343 468 486 129 155 134 455 342 428 490 252 502 526 432 422 577 514 408 302 405 339 377 420 571 490 254 527 392 462 489 292 335 449 297 469 430 521 595 434 557 312 579 315 130 144 273 386 365 464 323 473 417 390 371 557 713 281 85 639 356 230 363 382 602 28 372 614 322 427 168 577 585 400 157 379 268 243 285 161 
756 781 899 344 281 347 627 476 227 363 816 605 326 923 910 830 996 311 542 688 519 666 631 426 484 528 560 623 461 816 550 182 215 891 566 847 830 940 361 537 788 98 685 742 822 845 617 565 351 212 811 161 609 733 722 773 762 354 1017 469 365 332 352 112 486 410 412 472 253 569 207 416 246 727 722 943 1002 474 462 928 777 586 785 786 955 425 791 1016 729 196 581 991 431 323 278 803 532 273 699 528 
394 394 494 252 147 205 285 58 216 87 462 225 349 726 497 592 773 141 579 538 136 407 398 428 197 218 161 525 274 475 422 245 531 578 362 429 644 520 462 233 372 333 443 367 638 546 208 460 445 494 437 277 403 515 316 412 379 567 591 497 602 258 620 321 198 211 337 319 324 532 357 415 456 340 429 527 776 349 153 703 381 180 389 361 656 97 366 593 303 395 156 564 635 349 148 383 337 204 273 112 
578 925 996 304 517 665 486 604 428 473 605 772 746 490 984 458 575 439 34 276 513 392 938 854 404 426 547 192 782 585 922 495 355 595 889 776 406 851 147 781 865 512 380 907 397 543 738 952 159 325 973 533 310 376 644 957 913 217 958 56 246 693 288 453 405 347 217 818 675 105 313 841 267 874 461 1000 583 229 432 520 659 716 662 818 623 464 773 1031 763 669 626 969 207 743 496 749 292 597 719 650 
742 934 1034 326 434 557 621 598 336 455 788 760 583 770 1034 713 853 400 320 540 573 593 853 689 490 529 615 459 682 778 796 360 69 820 793 895 681 983 172 726 908 326 597 903 672 768 749 817 176 64 974 376 516 620 759 945 918 86 1078 275 90 563 85 281 491 406 322 704 507 382 184 678 87 879 660 1060 860 380 492 792 796 721 802 884 866 488 864 1115 825 467 671 1071 158 580 418 857 457 478 785 653 
610 290 420 514 314 191 531 247 414 347 674 168 266 993 446 854 1031 380 847 816 388 673 120 266 474 488 390 803 86 696 173 385 712 809 89 544 915 621 708 59 356 444 710 243 910 786 229 212 691 685 301 382 679 784 490 255 270 791 647 762 820 210 828 470 474 487 608 111 307 808 568 259 668 247 682 487 1033 627 430 963 557 215 565 401 890 376 456 581 369 397 321 592 867 268 333 502 616 270 373 233 
525 778 863 139 334 481 408 445 242 304 570 614 560 585 857 509 663 262 219 349 382 376 760 668 286 321 422 279 600 559 738 309 255 605 709 690 493 774 74 609 733 332 382 754 484 553 589 767 58 214 823 348 301 413 553 801 764 200 874 135 239 507 271 274 287 208 104 634 489 225 139 655 145 725 443 879 669 163 298 597 585 564 590 698 654 312 667 924 640 489 491 873 254 557 313 655 239 411 597 495 
140 483 454 560 615 671 257 453 644 514 129 479 817 522 420 391 512 560 724 502 355 330 724 876 396 353 319 561 691 159 816 703 900 247 727 132 493 151 727 584 367 788 354 506 494 265 415 855 715 857 531 743 410 398 162 553 489 859 260 680 899 725 933 759 394 479 559 735 800 632 726 865 795 471 269 408 509 511 410 465 96 428 88 291 315 447 211 382 289 872 339 301 897 817 608 155 434 681 272 430 
786 686 813 437 268 242 664 438 283 375 852 520 157 1030 830 920 1096 344 701 803 528 741 481 243 532 572 561 751 325 859 381 203 402 951 416 829 939 920 521 428 719 155 768 641 931 909 550 390 508 396 706 156 700 827 721 662 666 537 980 621 550 203 539 214 534 479 527 321 103 711 353 235 420 635 786 868 1101 580 498 1025 784 521 792 735 1022 445 758 953 683 13 554 942 615 154 280 783 621 201 663 479 
516 597 702 141 102 247 388 265 16 129 578 421 334 733 705 622 798 73 452 508 280 445 532 440 246 290 321 463 368 580 503 96 323 662 478 611 642 703 295 391 580 166 470 565 634 618 415 533 278 288 636 143 402 529 482 606 580 377 785 366 408 274 420 129 248 182 238 401 270 437 156 427 257 542 494 734 802 286 221 727 536 386 544 566 730 185 560 798 507 296 353 765 451 332 83 567 322 177 472 319 
666 962 1045 324 510 653 561 630 413 490 698 800 713 603 1037 570 689 445 136 388 561 488 940 822 458 488 599 304 776 682 907 467 260 701 886 851 520 931 114 792 914 464 481 940 511 648 774 934 132 239 1008 498 406 484 716 987 949 109 1035 129 133 673 175 409 459 387 263 807 639 218 272 810 195 910 558 1057 697 298 477 634 738 749 742 875 733 497 838 1096 818 619 672 1040 96 711 491 820 372 579 774 681 
233 484 546 215 291 393 107 212 298 183 296 355 533 536 534 400 581 218 468 363 75 215 574 618 51 30 98 367 465 302 613 365 555 395 546 355 456 443 408 406 416 447 252 473 451 358 306 651 394 512 535 409 223 325 219 526 475 536 539 398 575 445 604 412 50 134 244 510 495 398 378 605 454 438 238 551 583 222 62 511 261 291 268 369 470 114 331 589 314 552 184 536 588 532 278 319 175 374 269 236 
273 589 651 163 321 448 153 300 294 222 323 455 577 471 638 348 528 233 364 273 176 167 662 671 71 79 204 266 537 318 686 372 495 387 628 439 384 521 322 494 520 442 195 577 378 341 409 723 309 452 640 418 139 260 303 630 580 453 623 298 493 495 526 397 70 96 154 581 528 293 328 658 388 542 218 653 532 119 113 457 330 392 335 471 453 170 427 685 417 570 288 628 498 575 304 407 73 412 372 333 
206 543 498 635 698 754 331 537 725 596 169 555 900 522 460 405 499 642 776 539 438 381 797 958 473 430 403 606 771 191 894 785 973 243 804 189 508 163 793 663 427 870 398 571 511 276 492 933 782 930 588 826 463 431 246 615 551 925 257 739 965 808 1000 840 472 556 627 815 884 681 802 947 867 537 314 441 494 575 490 461 180 507 172 353 295 529 277 397 360 956 422 314 959 900 691 223 498 765 348 512 
562 648 754 160 142 275 433 317 46 183 622 471 341 753 758 649 822 127 438 524 332 478 568 450 290 334 373 471 400 623 528 91 272 700 511 663 661 755 270 434 633 132 500 615 653 654 467 555 254 238 685 131 428 554 534 655 631 337 838 354 366 293 375 84 292 218 247 428 271 435 114 436 213 592 531 788 827 301 269 752 587 438 594 620 765 238 614 852 561 279 407 819 414 338 127 621 348 199 526 372 
810 457 582 650 429 281 724 434 518 499 876 370 235 1177 614 1042 1222 514 977 986 576 858 159 151 648 669 584 962 178 896 31 461 766 1008 123 746 1096 820 818 263 544 487 894 410 1090 983 433 8 801 748 449 437 853 966 693 400 438 875 838 891 897 255 896 531 649 644 750 133 308 953 658 156 750 427 874 656 1224 780 604 1152 761 419 769 597 1088 545 658 755 570 375 522 778 954 238 450 705 784 350 577 431 
542 388 263 874 826 804 615 631 896 758 549 528 927 937 230 811 917 814 1113 915 625 735 687 939 717 684 583 965 754 579 819 925 1201 658 726 326 913 270 1074 633 327 1011 764 435 915 683 497 850 1060 1161 398 951 806 816 457 445 407 1201 162 1055 1240 849 1267 1003 715 796 909 784 946 1026 1022 932 1111 426 681 188 912 876 707 878 448 526 447 321 713 712 335 93 380 1034 533 131 1254 929 830 352 808 853 415 580 
555 881 955 255 467 614 455 557 377 424 586 726 695 507 945 462 591 389 84 282 471 375 888 804 364 389 507 199 732 569 871 445 323 588 839 746 420 823 104 732 824 463 368 862 411 535 694 902 113 290 929 483 293 374 612 912 869 199 929 16 233 642 275 405 365 302 172 767 625 119 266 791 228 830 445 962 599 193 389 532 631 671 634 780 623 418 738 996 724 621 585 937 208 693 446 716 263 546 680 604 
790 957 1061 367 449 563 667 624 355 482 837 781 574 827 1063 769 910 426 376 597 609 645 858 677 532 573 652 516 686 828 792 367 41 874 796 936 738 1025 228 739 937 320 650 924 729 822 774 812 231 73 995 376 569 675 800 963 940 136 1118 332 127 563 101 283 534 448 373 705 499 439 212 667 129 901 712 1090 917 432 531 849 840 745 846 917 921 522 900 1149 857 450 703 1107 197 571 436 897 509 483 819 678 
684 363 493 547 332 189 599 309 428 386 750 250 214 1055 521 918 1097 410 878 868 452 735 115 190 528 547 458 850 65 770 96 385 706 882 50 626 975 703 728 139 436 430 771 316 969 857 310 135 711 683 367 371 734 844 568 319 343 799 728 792 826 185 829 464 529 531 644 47 270 847 577 185 675 324 749 562 1099 669 484 1028 635 295 644 483 962 427 538 658 451 355 395 672 877 216 352 583 667 267 454 305 
397 663 741 66 284 429 276 341 221 216 446 509 537 529 732 428 598 195 289 301 256 268 683 640 154 189 294 258 537 439 683 302 371 497 640 557 437 642 204 522 610 356 283 644 429 448 476 716 190 328 711 348 207 332 420 694 651 333 741 208 372 467 403 304 155 84 46 577 476 246 211 627 264 612 329 752 603 79 173 528 453 453 458 570 555 200 536 793 513 501 368 741 383 535 263 522 130 374 470 386 
373 782 834 268 483 624 300 497 424 401 394 653 738 337 816 263 413 392 214 102 373 182 857 840 269 271 396 67 724 373 872 504 499 384 820 582 244 650 278 690 705 553 167 773 236 331 606 907 275 460 834 549 103 171 457 826 774 399 759 189 435 665 476 498 269 256 177 766 678 120 381 826 391 737 248 827 420 124 310 347 461 590 463 648 420 362 592 845 599 701 483 778 412 736 463 560 125 574 554 531 
595 430 556 381 160 18 490 212 255 233 663 263 152 923 573 793 974 245 709 721 340 607 278 223 391 418 360 694 108 677 245 214 540 782 220 594 838 681 556 175 462 271 641 387 831 750 297 278 539 514 453 209 593 711 503 412 410 627 732 623 654 62 659 297 392 376 480 140 156 683 404 210 503 378 633 611 977 512 347 903 570 269 578 483 860 287 516 696 435 246 326 690 704 153 181 548 520 97 421 238 
677 552 679 382 172 108 561 311 231 277 744 385 91 962 696 841 1021 262 688 745 417 657 370 200 441 477 446 705 202 755 294 159 457 853 305 702 873 792 519 296 584 178 688 509 866 816 416 315 503 439 574 128 629 753 600 532 533 566 848 603 588 74 586 222 443 404 481 211 38 679 353 187 442 501 694 733 1025 525 402 950 665 388 674 602 928 344 628 818 551 123 428 809 646 89 190 656 551 84 533 348 
326 297 234 648 621 624 387 428 682 542 347 368 761 748 195 612 741 598 885 697 401 514 583 793 489 455 358 742 602 379 699 720 980 476 604 107 711 108 846 481 187 807 546 333 711 490 318 735 832 939 335 750 582 603 228 369 309 974 120 826 1013 674 1041 793 487 569 680 640 766 800 800 784 886 307 466 179 739 647 481 693 228 344 229 133 544 491 110 163 178 850 319 98 1025 762 622 124 580 661 202 383 
257 394 463 270 270 341 156 135 308 171 325 264 486 615 455 476 654 223 555 453 21 296 489 561 130 121 26 459 394 339 539 360 598 445 466 316 540 407 478 322 332 446 334 382 535 416 214 577 462 557 444 399 314 408 189 434 384 600 492 481 638 395 663 422 130 196 322 440 460 488 418 548 506 346 305 475 656 308 106 585 249 199 257 294 524 110 272 523 236 528 93 478 658 486 264 273 267 339 194 148 
85 454 478 373 438 513 76 301 459 333 153 382 659 496 455 352 518 376 573 393 178 209 627 731 209 166 150 430 557 170 696 521 714 282 615 215 436 293 550 468 357 605 245 460 434 262 319 735 537 671 507 563 269 312 88 513 452 682 397 517 721 568 753 573 207 293 382 603 633 487 539 718 610 422 179 461 518 340 223 454 102 319 108 289 363 264 225 475 251 699 206 409 725 659 429 190 269 512 210 295 
236 582 636 202 351 472 120 310 330 248 285 456 604 446 621 319 499 265 383 262 176 134 672 697 86 72 196 267 556 279 704 407 533 349 642 410 363 490 355 504 507 479 165 573 357 304 407 741 343 490 633 453 123 235 276 626 574 487 593 322 527 521 560 435 85 133 187 600 558 305 367 683 426 537 180 634 503 144 130 428 298 393 302 453 416 189 405 662 402 603 283 601 529 603 334 380 79 440 357 337 
122 629 642 408 546 649 161 452 536 438 117 555 790 320 615 176 343 466 493 259 312 102 797 873 277 239 302 321 711 94 855 611 728 142 780 341 267 391 528 633 527 686 114 636 266 101 493 894 519 685 681 657 184 157 252 689 627 658 501 461 697 701 735 642 276 341 372 757 751 397 570 860 618 598 32 614 344 312 314 278 222 491 220 456 213 371 382 610 423 804 374 534 684 789 531 335 236 631 385 458 
345 679 744 148 355 495 237 376 302 273 386 538 611 446 731 344 514 264 271 222 265 192 732 712 156 172 295 191 596 374 744 383 439 422 693 527 355 606 243 567 613 440 203 665 347 371 496 779 233 396 729 429 124 248 392 717 669 376 710 206 415 537 451 387 156 128 83 638 554 204 290 699 329 631 258 746 520 27 191 445 414 478 418 564 476 237 520 777 510 582 379 718 413 609 335 497 54 446 465 415 
459 852 910 287 509 655 381 552 437 440 479 714 758 372 894 327 455 421 129 146 439 267 905 863 330 340 466 62 763 458 909 514 454 462 864 666 284 735 230 741 780 551 251 840 275 410 671 943 232 418 902 557 188 243 539 892 843 336 844 123 370 692 412 493 330 298 187 803 693 34 363 850 351 805 333 906 462 159 367 395 546 653 547 726 490 412 673 928 675 705 551 862 338 756 488 643 195 597 630 591 
523 320 195 828 769 741 583 574 842 705 537 464 862 934 162 802 919 762 1081 895 579 712 619 872 675 645 538 940 688 569 751 868 1151 656 658 303 903 264 1033 567 265 953 743 368 904 677 436 782 1018 1112 330 893 779 799 424 377 340 1158 170 1019 1196 785 1222 948 674 753 870 718 882 997 973 865 1064 360 663 120 915 840 663 876 425 466 425 268 717 663 294 36 327 972 482 111 1213 864 774 321 775 792 366 522 
510 396 515 323 125 88 405 129 224 161 578 220 234 843 527 711 892 187 656 647 255 525 312 308 311 336 275 625 163 592 311 211 533 697 264 518 759 607 515 167 409 287 560 358 753 666 238 347 498 503 428 224 515 631 421 393 378 601 665 570 632 143 642 297 312 306 419 205 222 621 379 295 480 341 549 562 894 444 267 821 487 208 496 420 775 207 444 642 368 305 246 627 676 234 141 472 445 119 348 164 
242 305 283 551 539 558 290 351 593 454 275 325 699 675 252 535 677 508 788 607 307 423 560 743 391 357 264 648 552 307 664 636 886 414 572 53 631 133 748 436 189 723 456 330 631 419 265 702 734 844 352 669 487 517 131 376 311 876 204 728 915 610 944 706 390 472 582 594 697 704 706 733 791 297 380 250 675 549 385 623 143 286 146 113 488 399 37 257 124 778 236 196 927 700 538 30 483 587 127 311 
53 462 470 427 492 562 125 346 514 387 112 410 708 490 443 347 503 431 611 414 231 230 657 776 264 220 200 460 598 137 733 576 767 252 650 179 439 249 599 503 356 660 262 473 438 242 345 773 587 725 514 618 301 323 83 525 462 731 356 560 771 616 804 629 262 347 431 644 684 522 593 764 663 435 185 444 502 386 279 443 57 350 60 284 333 319 210 447 255 752 243 376 772 707 483 165 312 563 220 334 
431 153 261 487 363 318 384 183 450 328 491 45 444 848 273 704 874 381 801 706 274 538 283 471 382 377 253 714 279 516 382 459 768 631 290 334 780 409 700 158 159 540 577 129 777 617 41 420 683 732 197 478 567 650 299 180 138 808 439 723 843 363 861 543 382 431 561 317 460 741 597 462 696 99 529 309 874 558 347 809 362 62 370 190 712 315 245 392 158 549 167 390 875 446 372 293 522 372 169 131 
118 491 526 317 403 494 14 291 413 296 181 398 637 471 506 328 503 334 512 344 153 164 637 716 155 111 140 375 550 188 694 480 656 290 618 277 403 355 488 472 401 562 202 491 400 259 338 733 476 613 543 524 214 274 145 545 486 620 459 455 660 547 692 526 153 237 320 596 604 428 483 703 552 454 153 514 504 278 177 435 164 333 168 338 368 226 280 534 293 665 216 470 663 636 392 249 207 483 250 297 
395 897 915 507 707 838 403 674 661 612 372 804 964 89 888 109 170 616 389 147 533 250 1034 1061 454 434 539 224 924 340 1072 742 738 274 1008 611 6 649 514 867 798 797 212 900 12 238 747 1110 514 701 949 788 251 137 524 953 894 620 758 408 652 884 694 743 453 475 422 968 910 304 629 1047 633 862 263 887 177 364 498 114 494 739 492 728 259 557 655 877 693 941 622 798 613 962 688 607 327 798 653 694 
503 655 752 81 184 331 375 319 94 174 560 484 415 671 752 569 740 122 367 440 296 402 613 523 232 276 339 388 451 557 588 168 283 628 560 626 579 716 213 466 626 215 422 627 570 581 469 617 196 242 697 212 348 473 492 671 640 307 806 281 341 358 359 162 234 151 164 484 348 356 103 509 196 601 459 778 746 219 221 670 539 441 545 603 691 207 587 834 543 362 389 793 377 413 164 586 269 262 505 372 
683 910 1004 282 425 559 566 573 325 429 726 739 603 696 1001 641 779 377 249 467 531 527 852 711 441 478 573 386 684 715 807 365 136 753 795 846 608 932 101 716 876 348 529 882 599 700 722 831 108 111 952 389 448 549 709 926 895 52 1030 202 87 572 113 296 442 359 262 711 528 309 171 699 76 855 595 1025 787 316 448 719 743 695 748 846 796 452 820 1075 787 499 635 1027 129 600 407 810 394 482 746 627 
59 574 577 448 557 645 160 437 561 449 42 519 789 380 547 240 390 484 566 337 305 171 765 866 299 256 285 398 694 35 834 631 778 144 754 268 338 313 588 607 467 711 190 586 337 129 455 873 578 735 626 675 253 234 196 638 575 720 423 529 759 699 795 672 297 373 426 740 758 472 614 853 670 548 105 544 389 370 328 331 153 457 149 393 224 380 317 534 367 818 344 457 750 789 545 266 292 637 333 434 
84 467 457 494 553 615 191 398 579 450 101 441 761 502 426 364 504 496 667 456 292 278 688 825 330 287 258 509 642 133 773 639 834 241 686 143 463 194 663 541 355 724 305 485 463 245 376 812 651 791 518 680 354 357 110 535 470 795 304 620 835 669 868 694 328 413 495 687 741 576 660 813 729 448 222 420 502 448 345 450 43 385 35 279 318 383 200 409 264 811 287 333 835 761 545 145 373 622 238 379 
511 601 704 132 110 255 383 267 24 129 572 426 343 724 707 614 789 72 443 499 277 438 540 449 241 284 319 454 376 574 512 104 321 655 486 609 633 701 287 398 582 172 462 569 625 611 418 542 270 284 640 151 394 520 480 611 584 370 784 357 402 283 415 133 243 175 229 409 279 427 151 436 251 545 487 736 794 277 217 719 533 389 540 566 723 183 560 799 507 304 354 764 444 341 91 566 314 187 472 322 
483 241 122 759 690 659 528 496 765 630 507 382 780 908 84 772 901 686 1023 850 510 666 541 791 610 582 470 889 606 539 672 789 1077 636 579 265 870 252 966 485 183 873 699 288 870 650 355 704 951 1038 256 812 728 759 371 302 260 1089 186 958 1127 703 1152 869 609 685 805 636 800 942 899 784 992 278 622 43 898 779 594 853 384 385 385 195 702 591 236 57 254 890 408 113 1146 782 695 273 718 711 295 443 
683 956 1042 318 489 629 574 621 390 478 719 789 682 644 1037 604 729 430 180 424 561 512 919 791 462 495 601 340 753 704 881 439 214 729 864 861 559 943 105 776 913 430 507 931 550 676 767 907 121 195 1000 467 430 516 725 977 941 63 1045 158 92 646 134 376 463 386 269 782 607 256 243 778 157 902 581 1058 737 312 477 672 752 741 756 877 765 491 844 1101 819 583 670 1048 76 679 470 828 389 553 776 672 
617 147 265 645 475 373 575 342 573 477 673 178 450 1038 300 894 1063 522 971 894 458 728 159 430 562 562 442 898 272 700 294 558 884 816 207 486 971 543 852 185 254 625 767 107 967 805 231 323 835 853 131 561 755 841 482 83 132 948 539 890 980 397 992 644 562 600 729 285 494 918 728 426 829 138 720 342 1063 734 524 999 540 242 547 323 895 483 398 441 319 584 356 473 1021 452 491 453 705 448 345 300 
719 344 470 613 401 260 643 358 498 449 783 267 275 1105 502 966 1143 476 945 925 500 785 53 230 583 599 502 910 135 805 87 456 777 919 26 640 1027 711 798 169 433 501 822 298 1021 898 331 119 781 755 338 443 789 896 597 290 326 871 726 859 897 256 901 536 584 593 709 115 337 911 648 228 746 315 794 544 1145 732 540 1075 663 322 671 488 1000 484 551 643 464 419 431 665 948 278 421 600 725 338 474 345 
242 729 705 614 744 836 349 628 741 637 177 698 980 309 670 220 276 668 654 392 496 298 945 1056 480 439 476 473 884 158 1022 814 928 68 939 383 316 384 719 792 615 891 292 747 321 120 633 1061 713 885 778 860 373 285 366 797 732 847 481 639 884 890 924 848 478 547 572 930 948 558 775 1044 817 711 235 656 271 510 513 246 305 639 298 538 72 568 458 620 527 1005 531 537 863 980 731 401 437 826 500 621 
547 433 554 326 110 53 438 171 209 176 615 258 196 866 567 737 918 189 656 664 289 551 320 277 334 363 313 637 157 628 300 182 508 731 266 561 781 651 507 192 451 252 585 393 775 698 280 334 490 479 462 188 536 655 462 425 414 585 708 570 614 105 622 268 336 319 424 194 179 628 362 264 462 378 579 603 921 455 291 847 528 251 536 463 808 231 487 684 411 261 288 670 661 196 130 515 463 78 392 207 
