500
400
1
6
30

0 374 208 15 449 147 
374 0 566 377 445 357 
208 566 0 213 485 233 
15 377 213 0 463 162 
449 445 485 463 0 304 
147 357 233 162 304 0 

1 1 1 1 1 1 1 1 1 1 1 1 1 1 1 1 1 1 1 1 1 1 1 1 1 1 1 1 1 1 

446 474 485 469 540 178 762 306 59 431 472 163 651 463 426 435 591 471 329 280 302 489 558 515 261 320 665 363 593 411 
130 463 158 411 894 528 767 387 431 256 180 216 462 557 77 241 415 549 537 607 133 808 785 404 564 599 495 552 225 308 
650 508 652 658 333 40 738 349 169 637 629 350 741 435 626 564 684 621 261 100 508 291 417 590 316 183 744 298 774 509 
445 489 492 458 544 185 777 321 54 425 480 169 663 478 427 446 603 457 343 289 300 497 571 528 248 331 677 378 597 424 
575 25 392 801 707 450 336 145 488 678 345 377 280 143 520 237 232 877 259 444 513 564 426 131 708 370 272 240 525 145 
463 329 423 573 543 192 616 160 185 497 397 158 526 320 426 333 466 605 210 252 338 451 458 381 404 245 535 238 549 287 
