14193
3785
1
50
50

0 2801 4660 2874 3082 3713 5959 3682 5143 5863 6749 2263 6507 5560 4474 2369 3779 2302 5752 5022 6255 4762 4441 5775 4447 6270 1331 5687 4177 3217 6716 2733 5559 2028 2790 4762 8135 5753 1355 7536 5443 5952 1306 2775 5337 5683 5425 956 1630 5265 
2801 0 6922 4754 2507 5748 8699 4143 7288 8459 5490 4367 8448 7968 7215 3347 1116 3549 4244 7210 9045 7337 7206 4208 4786 8784 2820 8484 4558 5999 9291 2430 8130 3027 1914 5855 10235 8484 3016 9638 7032 8671 3144 256 6821 8026 7946 2690 1730 7644 
4660 6922 0 6312 5333 1256 3079 8008 7213 6271 7692 5732 2045 6796 4605 6741 8033 6551 7401 7036 4964 1333 2631 7497 8715 2081 4103 4441 8463 2804 6958 5089 6191 6491 7443 2956 3483 2868 3908 2888 2037 2893 5629 7014 2239 1118 6313 5522 6269 6692 
2874 4754 6312 0 5898 5803 6194 2148 2538 4077 9562 651 8350 3340 3483 1588 5282 1299 8491 2470 5423 5790 4767 8498 2647 7235 4189 5026 2452 3737 4821 5565 3722 1786 3398 7362 9662 6060 4177 9101 7700 6295 1722 4586 7677 7064 3464 2232 3024 3005 
3082 2507 5333 5898 0 4078 7788 6093 8225 8777 3670 5321 6457 8594 7218 4957 3466 5030 2700 8103 8741 6134 6485 2738 6828 7383 1989 8139 6570 5473 9634 362 8502 4576 4165 3536 8300 7556 2128 7727 4886 7695 4197 2737 4627 6440 8406 3698 3354 8312 
3713 5748 1256 5803 4078 0 4057 7267 7125 6576 6573 5176 2801 6911 4845 5961 6864 5811 6199 6954 5641 2264 3184 6290 8006 3321 2952 5065 7744 2830 7343 3836 6431 5669 6436 2111 4508 3829 2768 3907 1904 3907 4833 5858 1925 2365 6492 4637 5260 6749 
5959 8699 3079 6194 7788 4057 0 8287 5916 4183 10625 5836 4278 5076 3043 7266 9729 6991 10177 5748 2235 1800 1539 10260 8841 1803 6067 1932 8639 2774 4616 7474 4264 7163 8564 6021 4509 232 5872 4154 5040 236 6362 8709 5282 2604 4510 6506 7512 5120 
3682 4143 8008 2148 6093 7267 8287 0 4126 6069 9548 2457 9991 5174 5630 1318 4207 1461 8341 4135 7563 7698 6816 8317 768 9193 4922 7174 497 5695 6731 5832 5715 1658 2274 8439 11461 8140 4997 10878 9083 8373 2439 3905 8998 8885 5424 2730 2739 4847 
5143 7288 7213 2538 8225 7125 5916 4126 0 2258 11889 2967 9203 1172 2891 4071 7804 3806 10886 178 4303 6267 4910 10905 4225 7432 6350 4174 4170 4414 2715 7874 1959 4313 5882 9020 10130 5872 6286 9643 8985 6094 4194 7123 9046 7638 1633 4696 5558 920 
5863 8459 6271 4077 8777 6576 4183 6069 2258 0 12308 4197 8070 1109 1734 5645 9186 5343 11473 2149 2193 5076 3664 11515 6316 5905 6790 2262 6215 3767 857 8416 355 5773 7419 8657 8653 4208 6666 8242 8250 4398 5345 8347 8386 6385 655 5770 6795 1342 
6749 5490 7692 9562 3670 6573 10625 9548 11889 12308 0 8991 7931 12212 10671 8525 5959 8632 1280 11764 11982 8837 9573 1352 10238 9726 5572 11379 9996 8763 13159 4016 12055 8151 7397 4859 9661 10396 5670 9200 6297 10480 7851 5745 5978 8640 11986 7346 6851 11940 
2263 4367 5732 651 5321 5176 5836 2457 2967 4197 8991 0 7762 3606 3330 1532 5005 1229 7947 2870 5291 5286 4359 7960 3067 6761 3562 4841 2841 3255 4993 4980 3851 1589 3231 6711 9121 5685 3541 8552 7068 5918 1233 4224 7039 6526 3631 1730 2650 3279 
6507 8448 2045 8350 6457 2801 4278 9991 9203 8070 7931 7762 0 8705 6489 8702 9560 8530 7970 9025 6456 3002 4420 8083 10712 2572 5712 6024 10455 4821 8679 6300 8036 8429 9236 3164 1847 4134 5537 1300 1668 4046 7578 8581 1981 1708 8193 7418 8060 8629 
5560 7968 6796 3340 8594 6911 5076 5174 1172 1109 12212 3606 8705 0 2217 4927 8595 4638 11290 1089 3251 5710 4298 11321 5344 6714 6640 3219 5267 4090 1568 8235 860 5112 6738 8922 9454 5067 6543 9005 8693 5275 4824 7829 8793 7065 568 5294 6256 336 
4474 7215 4605 3483 7218 4845 3043 5630 2891 1734 10671 3330 6489 2217 0 4862 8064 4559 9894 2719 1961 3492 2083 9944 6070 4552 5234 1546 5904 2035 2535 6859 1596 4883 6485 6923 7271 2986 5090 6806 6549 3211 4261 7141 6673 4849 1710 4598 5665 2171 
2369 3347 6741 1588 4957 5961 7266 1318 4071 5645 8525 1532 8702 4927 4862 0 3740 306 7367 4023 6823 6517 5753 7357 2079 8029 3633 6368 1810 4573 6404 4668 5292 381 1816 7130 10210 7101 3697 9622 7767 7329 1128 3147 7680 7653 5043 1423 1692 4592 
3779 1116 8033 5282 3466 6864 9729 4207 7804 9186 5959 5005 9560 8595 8064 3740 0 3998 4680 7748 9945 8418 8218 4617 4727 9878 3930 9401 4539 6996 9995 3451 8845 3496 1976 6915 11350 9518 4125 10754 8129 9712 3848 1032 7910 9135 8634 3467 2405 8263 
2302 3549 6551 1299 5030 5811 6991 1461 3806 5343 8632 1229 8530 4638 4559 306 3998 0 7495 3752 6520 6282 5484 7490 2196 7789 3602 6068 1933 4317 6106 4728 4991 523 2100 7056 10009 6829 3651 9425 7640 7058 1007 3361 7564 7441 4745 1394 1852 4303 
5752 4244 7401 8491 2700 6199 10177 8341 10886 11473 1280 7947 7970 11290 9894 7367 4680 7495 0 10770 11340 8429 8999 126 9015 9477 4683 10735 8779 8078 12329 3061 11200 7000 6157 4808 9775 9945 4811 9267 6302 10055 6769 4497 5989 8429 11106 6259 5680 11004 
5022 7210 7036 2470 8103 6954 5748 4135 178 2149 11764 2870 9025 1089 2719 4023 7748 3752 10770 0 4161 6089 4733 10790 4266 7257 6217 4018 4199 4238 2652 7751 1838 4253 5838 8857 9953 5702 6149 9466 8813 5925 4102 7049 8874 7461 1512 4600 5481 807 
6255 9045 4964 5423 8741 5641 2235 7563 4303 2193 11982 5291 6456 3251 1961 6823 9945 6520 11340 4161 0 3639 2459 11404 7963 4038 6809 605 7812 3269 2438 8392 2392 6839 8428 7739 6729 2338 6641 6388 7000 2469 6190 8992 7199 4752 2700 6494 7563 3401 
4762 7337 1333 5790 6134 2264 1800 7698 6267 5076 8837 5286 3002 5710 3492 6517 8418 6282 8429 6089 3639 0 1419 8515 8349 1522 4573 3131 8115 2056 5714 5842 5035 6330 7521 4232 3919 1576 4373 3396 3363 1644 5472 7386 3572 1371 5193 5488 6387 5647 
4441 7206 2631 4767 6485 3184 1539 6816 4910 3664 9573 4359 4420 4298 2083 5753 8218 5484 8999 4733 2459 1419 0 9071 7402 2557 4660 1881 7188 1237 4328 6153 3616 5636 7026 5288 5220 1354 4472 4737 4651 1578 4827 7205 4820 2767 3776 4968 5978 4249 
5775 4208 7497 8498 2738 6290 10260 8317 10905 11515 1352 7960 8083 11321 9944 7357 4617 7490 126 10790 11404 8515 9071 0 8986 9574 4725 10799 8751 8140 12372 3100 11240 6992 6122 4920 9891 10027 4857 9380 6415 10139 6777 4460 6103 8530 11142 6266 5668 11033 
4447 4786 8715 2647 6828 8006 8841 768 4225 6316 10238 3067 10712 5344 6070 2079 4727 2196 9015 4266 7963 8349 7402 8986 0 9828 5689 7614 270 6321 6912 6576 5969 2425 2879 9206 12151 8705 5764 11573 9834 8939 3191 4540 9754 9565 5661 3496 3476 5031 
6270 8784 2081 7235 7383 3321 1803 9193 7432 5905 9726 6761 2572 6714 4552 8029 9878 7789 9477 7257 4038 1522 2557 9574 9828 0 5984 3699 9600 3507 6396 7121 5946 7849 9038 4904 2748 1717 5784 2356 3659 1568 6993 8847 3947 1105 6161 7009 7898 6712 
1331 2820 4103 4189 1989 2952 6067 4922 6350 6790 5572 3562 5712 6640 5234 3633 3930 3602 4683 6217 6809 4573 4660 4725 5689 5984 0 6212 5419 3560 7647 1628 6518 3268 3597 3552 7459 5842 201 6859 4437 6008 2626 2913 4280 5206 6430 2214 2456 6368 
5687 8484 4441 5026 8139 5065 1932 7174 4174 2262 11379 4841 6024 3219 1546 6368 9401 6068 10735 4018 605 3131 1881 10799 7614 3699 6212 0 7449 2666 2698 7791 2377 6361 7928 7169 6433 1982 6042 6053 6477 2154 5681 8437 6666 4316 2652 5964 7031 3312 
4177 4558 8463 2452 6570 7744 8639 497 4170 6215 9996 2841 10455 5267 5904 1810 4539 1933 8779 4199 7812 8115 7188 8751 270 9600 5419 7449 0 6094 6835 6315 5865 2155 2659 8936 11905 8499 5494 11326 9569 8733 2925 4314 9487 9322 5562 3226 3216 4949 
3217 5999 2804 3737 5473 2830 2774 5695 4414 3767 8763 3255 4821 4090 2035 4573 6996 4317 8078 4238 3269 2056 1237 8140 6321 3507 3560 2666 6094 0 4563 5126 3606 4433 5792 4891 5959 2582 3385 5417 4610 2798 3608 5989 4703 3370 3662 3733 4741 3946 
6716 9291 6958 4821 9634 7343 4616 6731 2715 857 13159 4993 8679 1568 2535 6404 9995 6106 12329 2652 2438 5714 4328 12372 6912 6396 7647 2698 6835 4563 0 9272 1162 6554 8197 9438 9125 4680 7521 8751 8965 4844 6164 9173 9115 6977 1364 6600 7614 1887 
2733 2430 5089 5565 362 3836 7474 5832 7874 8416 4016 4980 6300 8235 6859 4668 3451 4728 3061 7751 8392 5842 6153 3100 6576 7121 1628 7791 6315 5126 9272 0 8140 4287 3977 3474 8135 7244 1770 7555 4765 7387 3873 2641 4520 6201 8044 3380 3101 7953 
5559 8130 6191 3722 8502 6431 4264 5715 1959 355 12055 3851 8036 860 1596 5292 8845 4991 11200 1838 2392 5035 3616 11240 5969 5946 6518 2377 5865 3606 1162 8140 0 5424 7069 8494 8693 4271 6399 8264 8145 4471 5008 8014 8269 6367 326 5440 6459 1038 
2028 3027 6491 1786 4576 5669 7163 1658 4313 5773 8151 1589 8429 5112 4883 381 3496 523 7000 4253 6839 6330 5636 6992 2425 7849 3268 6361 2155 4433 6554 4287 5424 0 1646 6781 9969 6990 3339 9378 7453 7214 865 2838 7358 7430 5190 1073 1337 4778 
2790 1914 7443 3398 4165 6436 8564 2274 5882 7419 7397 3231 9236 6738 6485 1816 1976 2100 6157 5838 8428 7521 7026 6122 2879 9038 3597 7928 2659 5792 8197 3977 7069 1646 0 7089 10907 8374 3745 10307 8032 8589 2250 1664 7877 8473 6833 2061 1177 6403 
4762 5855 2956 7362 3536 2111 6021 8439 9020 8657 4859 6711 3164 8922 6923 7130 6915 7056 4808 8857 7739 4232 5288 4920 9206 4904 3552 7169 8936 4891 9438 3474 8494 6781 7089 0 4986 5803 3452 4463 1496 5843 6050 6039 1188 3804 8534 5709 5989 8735 
8135 10235 3483 9662 8300 4508 4509 11461 10130 8653 9661 9121 1847 9454 7271 10210 11350 10009 9775 9953 6729 3919 5220 9891 12151 2748 7459 6433 11905 5959 9125 8135 8693 9969 10907 4986 0 4452 7275 601 3494 4281 9106 10356 3798 2598 8904 9005 9731 9440 
5753 8484 2868 6060 7556 3829 232 8140 5872 4208 10396 5685 4134 5067 2986 7101 9518 6829 9945 5702 2338 1576 1354 10027 8705 1717 5842 1982 8499 2582 4680 7244 4271 6990 8374 5803 4452 0 5646 4073 4845 236 6181 8497 5081 2443 4505 6315 7314 5096 
1355 3016 3908 4177 2128 2768 5872 4997 6286 6666 5670 3541 5537 6543 5090 3697 4125 3651 4811 6149 6641 4373 4472 4857 5764 5784 201 6042 5494 3385 7521 1770 6399 3339 3745 3452 7275 5646 0 6675 4288 5812 2661 3106 4141 5010 6319 2273 2592 6277 
7536 9638 2888 9101 7727 3907 4154 10878 9643 8242 9200 8552 1300 9005 6806 9622 10754 9425 9267 9466 6388 3396 4737 9380 11573 2356 6859 6053 11326 5417 8751 7555 8264 9378 10307 4463 601 4073 6675 0 2967 3920 8515 9757 3278 2047 8463 8409 9130 8977 
5443 7032 2037 7700 4886 1904 5040 9083 8985 8250 6297 7068 1668 8693 6549 7767 8129 7640 6302 8813 7000 3363 4651 6415 9834 3659 4437 6477 9569 4610 8965 4765 8145 7453 8032 1496 3494 4845 4288 2967 0 4834 6644 7189 319 2563 8240 6394 6877 8557 
5952 8671 2893 6295 7695 3907 236 8373 6094 4398 10480 5918 4046 5275 3211 7329 9712 7058 10055 5925 2469 1644 1578 10139 8939 1568 6008 2154 8733 2798 4844 7387 4471 7214 8589 5843 4281 236 5812 3920 4834 0 6402 8688 5081 2378 4711 6528 7522 5311 
1306 3144 5629 1722 4197 4833 6362 2439 4194 5345 7851 1233 7578 4824 4261 1128 3848 1007 6769 4102 6190 5472 4827 6777 3191 6993 2626 5681 2925 3608 6164 3873 5008 865 2250 6050 9106 6181 2661 8515 6644 6402 0 3012 6563 6565 4811 511 1451 4501 
2775 256 7014 4586 2737 5858 8709 3905 7123 8347 5745 4224 8581 7829 7141 3147 1032 3361 4497 7049 8992 7386 7205 4460 4540 8847 2913 8437 4314 5989 9173 2641 8014 2838 1664 6039 10356 8497 3106 9757 7189 8688 3012 0 6984 8112 7822 2578 1574 7503 
5337 6821 2239 7677 4627 1925 5282 8998 9046 8386 5978 7039 1981 8793 6673 7680 7910 7564 5989 8874 7199 3572 4820 6103 9754 3947 4280 6666 9487 4703 9115 4520 8269 7358 7877 1188 3798 5081 4141 3278 319 5081 6563 6984 0 2846 8353 6292 6732 8646 
5683 8026 1118 7064 6440 2365 2604 8885 7638 6385 8640 6526 1708 7065 4849 7653 9135 7441 8429 7461 4752 1371 2767 8530 9565 1105 5206 4316 9322 3370 6977 6201 6367 7430 8473 3804 2598 2443 5010 2047 2563 2378 6565 8112 2846 0 6539 6505 7307 7011 
5425 7946 6313 3464 8406 6492 4510 5424 1633 655 11986 3631 8193 568 1710 5043 8634 4745 11106 1512 2700 5193 3776 11142 5661 6161 6430 2652 5562 3662 1364 8044 326 5190 6833 8534 8904 4505 6319 8463 8240 4711 4811 7822 8353 6539 0 5256 6259 713 
956 2690 5522 2232 3698 4637 6506 2730 4696 5770 7346 1730 7418 5294 4598 1423 3467 1394 6259 4600 6494 5488 4968 6266 3496 7009 2214 5964 3226 3733 6600 3380 5440 1073 2061 5709 9005 6315 2273 8409 6394 6528 511 2578 6292 6505 5256 0 1069 4976 
1630 1730 6269 3024 3354 5260 7512 2739 5558 6795 6851 2650 8060 6256 5665 1692 2405 1852 5680 5481 7563 6387 5978 5668 3476 7898 2456 7031 3216 4741 7614 3101 6459 1337 1177 5989 9731 7314 2592 9130 6877 7522 1451 1574 6732 7307 6259 1069 0 5929 
5265 7644 6692 3005 8312 6749 5120 4847 920 1342 11940 3279 8629 336 2171 4592 8263 4303 11004 807 3401 5647 4249 11033 5031 6712 6368 3312 4949 3946 1887 7953 1038 4778 6403 8735 9440 5096 6277 8977 8557 5311 4501 7503 8646 7011 713 4976 5929 0 

1 1 1 1 1 1 1 1 1 1 1 1 1 1 1 1 1 1 1 1 1 1 1 1 1 1 1 1 1 1 1 1 1 1 1 1 1 1 1 1 1 1 1 1 1 1 1 1 1 1 

3383 5483 6779 630 2290 4780 870 6907 3884 4105 3850 2941 4068 5510 2930 1720 1645 4991 3824 2728 5993 4704 4694 749 4240 1033 6196 4920 4179 4428 2480 4411 5148 8421 5781 2686 5969 4842 4571 4042 5044 2283 4981 4852 4955 3213 7059 4537 2324 4229 
2756 8284 9122 3239 2837 7395 2956 9337 2137 6855 5921 3647 5679 8220 537 2534 4409 7728 3487 4048 7861 4518 7450 2109 3664 2486 8961 5413 6859 3943 729 6387 5086 10482 8039 4653 5150 3809 4386 6715 7804 636 6943 6189 7100 5741 9578 3246 712 6052 
5402 4127 2202 4766 6843 5530 5299 2461 6667 2409 1075 3869 7377 5389 7259 4431 4119 4879 8403 6776 1742 9170 2602 5342 5496 5658 5302 4083 1861 9000 6289 948 5049 3779 1129 2284 6560 6289 9048 4893 4693 6627 959 2459 7089 5188 7453 9197 6722 7196 
6208 4973 8040 2274 2123 3167 2095 7991 6473 4608 5878 5781 1213 4187 4552 4592 2231 3887 3083 966 7959 3358 5030 3028 7099 2381 5133 7705 4994 3515 4816 6450 8010 9982 7287 5047 8830 7659 3279 2789 4079 4118 6957 7323 2351 1683 5014 4392 4051 1372 
316 7875 7475 3712 4600 7701 3803 7787 1334 6105 4259 1496 7047 8283 3037 1456 4534 7722 5720 5531 5846 6756 6676 2904 1273 3598 8803 2931 5909 6253 1807 4578 2595 8507 6358 3150 2970 1763 6617 6924 7713 2714 5069 3963 8037 6239 10016 5721 2861 7269 
4148 4754 3424 3947 5981 5689 4455 3712 5411 2855 181 2617 6953 5776 6116 3228 3575 5220 7531 6109 2281 8372 3257 4330 4281 4743 5894 3098 2407 8135 5092 698 3987 4772 2315 1103 5458 5080 8243 4959 5083 5501 1269 1777 6977 4975 7820 8209 5606 6861 
7938 1703 2831 5724 7582 3920 6215 2478 9062 1854 3916 6485 6886 3252 8884 6548 4612 2977 9026 6993 4371 9516 1273 6706 8253 6705 2708 7116 1887 9558 8218 4010 8039 4829 2963 4680 9514 9057 9422 3678 2716 8232 3980 5537 5865 4576 5106 10132 8282 6504 
6405 7120 9919 3325 1504 5255 2844 9926 6220 6614 7379 6491 2170 6293 3734 5135 3936 6024 1111 1300 9529 1229 7084 3358 7365 2707 7256 8503 6937 1397 4524 7957 8557 11770 9064 6322 9037 7738 1137 4934 6223 3599 8508 8531 3974 3831 6837 2466 3474 2706 
8524 4287 8402 4513 4618 2002 4503 8203 8932 4947 7140 7837 1957 2892 7088 6826 3883 2965 5226 3373 8955 5088 5105 5463 9353 4869 3845 9597 5477 5484 7315 7652 10072 10461 7942 6678 11067 9982 5066 2370 3228 6652 8052 8846 190 2185 2739 6587 6588 1421 
9041 2482 6932 5292 6157 1084 5504 6636 9735 3863 6534 8015 4009 940 8385 7322 4261 1392 7110 5039 7959 7157 3762 6406 9728 5978 1687 9465 4410 7464 8301 6940 10134 8979 6730 6485 11351 10453 7114 1854 1595 7841 7208 8352 2317 2718 1270 8449 7814 3474 
3367 11088 9457 7379 8108 11249 7467 9886 3354 9202 6723 4331 10695 11727 5989 5071 8131 11154 8976 9142 7372 10008 9709 6547 2581 7229 12125 3685 8870 9426 5024 6756 2669 9756 8425 6068 1140 1908 9876 10461 11107 5962 7029 5424 11702 9864 13567 8597 6096 10934 
5628 4750 7528 1648 1993 3197 1542 7505 5968 4162 5256 5144 1862 4161 4228 3982 1620 3785 3233 1158 7355 3685 4627 2500 6502 1908 5056 7058 4507 3735 4351 5831 7378 9437 6733 4400 8231 7084 3588 2676 3945 3733 6347 6677 2777 1557 5242 4459 3685 1967 
6432 5727 1780 6699 8758 7435 7220 2280 7755 4289 2658 4975 9421 7149 8851 5915 6144 6691 10314 8782 613 11127 4309 7131 6225 7533 6876 4290 3743 10917 7758 2109 5306 2052 1351 3884 6807 6938 11002 6853 6475 8255 1535 2616 9087 7221 9178 11010 8367 9237 
8877 3386 7721 4949 5463 1270 5058 7469 9435 4418 6897 8008 3041 1876 7831 7151 4081 2110 6252 4268 8526 6200 4449 6005 9639 5489 2764 9623 4969 6557 7900 7360 10202 9783 7392 6642 11317 10322 6169 1951 2366 7336 7696 8678 1260 2356 1680 7608 7290 2495 
7464 1531 5538 3977 5302 953 4306 5319 8263 2208 4807 6352 3941 1065 7228 5771 2829 517 6534 4405 6324 6830 2245 5110 8098 4814 1763 7741 2760 6993 6954 5228 8431 7602 5175 4768 9685 8845 6756 704 617 6630 5524 6622 2829 1806 2992 7788 6629 3511 
5272 6267 8707 2014 547 4690 1525 8743 5271 5513 6076 5222 2336 5678 3065 3884 2745 5316 1762 712 8230 2430 6024 2111 6220 1426 6585 7230 5785 2319 3561 6653 7339 10514 7815 5005 7926 6663 2308 4206 5477 2730 7208 7214 3891 3082 6602 2930 2636 2743 
3671 9219 10233 4130 3193 8149 3759 10441 2743 7877 7036 4719 6043 9032 851 3649 5315 8570 3318 4449 8971 4269 8469 3044 4501 3252 9825 6397 7912 3634 1810 7502 5969 11596 9152 5767 5810 4486 4152 7516 8667 1497 8058 7271 7621 6480 10245 2653 1460 6479 
5346 5971 8487 1881 825 4385 1436 8511 5415 5253 5921 5207 2135 5372 3297 3892 2508 5011 2035 513 8069 2633 5755 2143 6284 1443 6280 7206 5539 2574 3713 6499 7358 10317 7613 4884 8000 6756 2517 3901 5173 2923 7048 7118 3624 2777 6310 3231 2838 2508 
2433 10458 9343 6379 6928 10398 6408 9734 2122 8620 6365 3706 9591 10958 4732 4154 7233 10392 7730 8007 7377 8757 9162 5463 1925 6125 11436 3699 8349 8167 3824 6506 2723 9911 8261 5512 1533 1121 8626 9619 10370 4743 6868 5366 10697 8934 12715 7320 4873 9861 
8400 4125 8226 4393 4569 1838 4400 8029 8828 4770 6969 7693 1976 2748 7022 6697 3735 2803 5228 3333 8778 5126 4929 5360 9222 4776 3710 9443 5299 5504 7221 7479 9926 10284 7764 6518 10934 9858 5099 2192 3066 6574 7877 8679 171 2025 2707 6588 6513 1432 
8953 896 5065 5821 7259 2412 6197 4699 9890 2807 5544 7668 5748 1413 9100 7341 4639 1539 8489 6358 6476 8747 2397 6939 9464 6710 519 8724 3236 8938 8718 5805 9547 7044 5113 5918 10926 10247 8680 2636 1349 8484 5920 7327 4311 3760 2911 9749 8495 5265 
6257 2820 2252 4691 6722 4442 5223 2229 7441 1320 2118 4764 6729 4164 7596 5004 3775 3692 8256 6412 2896 8908 1324 5501 6504 5660 3994 5317 813 8832 6782 2230 6240 4247 1684 2986 7721 7308 8797 3899 3481 6944 2283 3765 6165 4422 6212 9208 7016 6467 
6667 1570 3496 4187 6053 3035 4676 3332 7713 381 3093 5298 5574 2763 7370 5165 3075 2276 7514 5516 4296 8044 271 5184 7095 5167 2721 6266 794 8057 6756 3393 7098 5551 3096 3509 8500 7890 7945 2545 2072 6721 3584 4894 4821 3234 4824 8600 6765 5251 
2480 10524 9448 6401 6912 10439 6420 9837 2098 8692 6458 3782 9591 11008 4690 4194 7271 10444 7691 8003 7489 8716 9237 5471 2012 6128 11495 3816 8427 8123 3807 6606 2844 10028 8364 5590 1656 1210 8586 9662 10425 4718 6972 5477 10715 8965 12755 7262 4846 9868 
7138 7587 10585 4074 2261 5595 3602 10571 6895 7222 8114 7256 2309 6640 4344 5898 4615 6427 1424 1945 10260 866 7667 4123 8100 3474 7620 9268 7573 1372 5217 8693 9311 12463 9756 7075 9759 8449 864 5367 6642 4276 9239 9293 4097 4305 6964 2617 4144 2851 
7466 3437 1033 6213 8243 5490 6745 775 8712 2638 3145 5937 8110 4966 9067 6376 5284 4609 9773 7900 2791 10408 2336 7003 7576 7180 4504 6069 2256 10346 8198 2980 7064 3075 1397 4264 8589 8367 10299 5085 4360 8419 2721 4359 7354 5774 6890 10730 8497 7803 
2251 5962 6303 1915 3456 5716 2190 6520 3082 4286 3120 1611 5391 6298 3165 538 2562 5740 4898 4048 5147 5853 4876 1596 3009 2215 6844 3604 4185 5495 2215 3616 3822 7718 5224 1849 4717 3683 5715 4937 5739 2549 4184 3725 6166 4292 8033 5368 2657 5528 
8350 315 4732 5272 6784 2194 5666 4404 9294 2219 4974 7064 5456 1350 8553 6743 4087 1237 8063 5939 6005 8375 1846 6381 8860 6179 864 8140 2669 8532 8141 5256 8953 6755 4674 5317 10326 9643 8301 2248 990 7931 5399 6770 4156 3345 3193 9298 7946 5001 
6880 7413 10346 3808 1994 5461 3334 10340 6657 7002 7853 6987 2226 6506 4126 5630 4370 6274 1275 1704 10001 944 7455 3854 7842 3204 7481 8999 7344 1336 4973 8432 9046 12216 9509 6809 9506 8199 902 5202 6483 4036 8980 9024 4033 4124 6905 2543 3906 2772 
5685 2405 4308 2950 4845 2859 3442 4256 6641 945 2808 4434 4682 3029 6146 4086 1855 2455 6333 4398 4544 6916 1501 3956 6219 3931 3365 5713 1257 6889 5580 3274 6434 6284 3628 2760 7739 6993 6811 2143 2366 5500 3643 4606 4287 2408 5026 7385 5540 4444 
9896 2972 7429 6141 6927 1940 6339 7094 10591 4567 7291 8858 4609 1575 9203 8178 5118 2123 7799 5772 8610 7768 4390 7250 10579 6807 1927 10274 5102 8118 9147 7672 10962 9445 7330 7302 12195 11307 7736 2710 2274 8669 7907 9114 2822 3551 499 9150 8638 4063 
650 7530 7251 3363 4333 7339 3472 7548 1599 5774 4017 1328 6723 7923 2943 1094 4172 7364 5510 5225 5692 6539 6348 2591 1555 3289 8449 2987 5592 6057 1705 4368 2770 8352 6135 2867 3278 2109 6400 6562 7356 2554 4877 3864 7687 5879 9655 5587 2700 6934 
8769 2563 6964 4980 5806 806 5177 6690 9438 3785 6398 7778 3665 1028 8048 7046 3974 1351 6755 4684 7898 6808 3738 6087 9474 5647 1908 9273 4336 7111 7985 6824 9919 9020 6705 6287 11111 10190 6764 1596 1589 7509 7117 8208 2002 2389 1515 8093 7480 3132 
4892 6243 8496 1731 424 4785 1214 8550 4910 5378 5791 4851 2655 5746 2780 3508 2582 5354 1929 1026 7945 2703 5907 1732 5839 1055 6628 6861 5619 2516 3204 6364 6960 10269 7578 4690 7546 6286 2575 4250 5500 2401 6924 6879 4129 3141 6776 2974 2315 3029 
4457 7788 9569 2854 1275 6428 2350 9690 4043 6729 6586 4935 4076 7377 1467 3592 3960 6968 1584 2509 8695 2624 7292 2108 5412 1871 8241 6890 6886 2089 2421 7127 6744 11187 8567 5357 6997 5664 2489 5872 7101 1468 7701 7311 5703 4776 8409 1776 1324 4527 
3438 6857 4598 5208 6999 7732 5621 5027 4744 4965 2195 2210 8565 7877 6335 3498 5236 7316 8448 7450 2569 9403 5345 5148 3086 5743 8004 1175 4503 9042 5127 2012 2192 5143 3571 2354 3721 3777 9266 6978 7187 5834 2185 566 8860 6837 9910 8827 5969 8565 
8279 6180 1733 8248 10325 8217 8782 2032 9601 5218 4344 6813 10641 7713 10618 7701 7536 7352 11885 10206 2460 12637 5029 8800 8061 9140 7215 6079 4733 12481 9558 3849 7082 331 2397 5611 8554 8762 12517 7765 7105 10008 3293 4449 10041 8341 9615 12670 10113 10386 
7706 1729 2750 5529 7407 3885 6025 2429 8832 1652 3690 6252 6782 3271 8674 6320 4429 2960 8862 6843 4202 9369 1085 6500 8021 6512 2791 6893 1659 9399 7998 3794 7813 4776 2804 4447 9286 8825 9273 3599 2701 8022 3779 5324 5814 4460 5173 9954 8073 6413 
2378 5788 6107 1905 3547 5595 2224 6321 3257 4097 2934 1604 5384 6155 3354 701 2462 5594 5012 4082 4977 5954 4686 1706 3096 2293 6684 3566 3989 5612 2415 3436 3838 7537 5031 1665 4789 3792 5817 4812 5587 2733 4007 3600 6103 4203 7914 5519 2838 5502 
7713 5787 1324 7655 9731 7757 8188 1723 9034 4708 3743 6236 10097 7302 10019 7105 6960 6916 11292 9629 1907 12051 4561 8199 7524 8542 6859 5580 4207 11889 8963 3252 6592 892 1819 5010 8083 8238 11930 7274 6675 9407 2699 3915 9548 7811 9245 12070 9513 9854 
4832 6163 3192 5761 7733 7443 6244 3652 6153 4398 1856 3440 8856 7390 7473 4538 5475 6864 9256 7967 1080 10146 4635 5972 4568 6473 7338 2631 3865 9860 6319 1336 3651 3663 2266 2763 5165 5272 10014 6753 6691 6915 1080 955 8844 6857 9456 9805 7039 8764 
7838 1916 2597 5741 7630 4104 6240 2251 8979 1861 3761 6371 7018 3464 8869 6480 4649 3171 9090 7076 4147 9602 1307 6700 8130 6724 2940 6948 1824 9629 8175 3831 7881 4602 2736 4571 9364 8934 9506 3830 2911 8217 3780 5352 6039 4696 5335 10177 8270 6647 
4510 5538 7632 887 1250 4302 437 7690 4756 4553 4949 4237 2850 5196 3041 2959 1753 4755 2792 1422 7102 3549 5096 1308 5421 675 6024 6225 4772 3381 3120 5525 6421 9407 6714 3884 7150 5952 3424 3680 4874 2514 6081 6111 4004 2633 6439 3777 2476 3092 
2992 8244 9211 3173 2628 7290 2854 9414 2393 6860 6029 3829 5483 8134 302 2667 4353 7652 3233 3853 7998 4263 7453 2057 3909 2368 8894 5628 6885 3687 937 6506 5323 10607 8136 4758 5405 4064 4131 6624 7736 511 7068 6360 6936 5629 9451 3000 539 5867 
4562 6351 3506 5684 7625 7552 6155 3962 5880 4551 1907 3203 8846 7540 7272 4349 5464 7005 9134 7906 1398 10040 4820 5838 4269 6361 7524 2313 4029 9737 6103 1446 3333 3958 2561 2680 4846 4965 9907 6846 6841 6726 1302 668 8900 6900 9603 9645 6852 8774 
6499 4020 1103 5728 7800 5801 6265 1347 7774 2691 2184 4966 8051 5458 8351 5546 4952 5017 9355 7620 1772 10073 2629 6387 6545 6655 5168 4973 2172 9945 7400 1925 5974 2920 362 3400 7501 7327 9956 5270 4793 7714 1620 3256 7536 5767 7476 10211 7805 7809 
8679 2818 7172 4833 5564 804 5001 6913 9309 3918 6468 7734 3354 1311 7847 6953 3872 1553 6474 4420 8034 6504 3916 5926 9406 5460 2224 9280 4470 6818 7826 6912 9898 9233 6872 6292 11061 10111 6462 1569 1805 7321 7226 8267 1676 2223 1639 7817 7286 2818 
4012 5801 7589 798 1345 4712 299 7681 4247 4668 4766 3813 3350 5568 2637 2501 1917 5102 2896 1864 6918 3752 5233 800 4932 216 6360 5816 4832 3499 2622 5335 5967 9299 6629 3633 6658 5450 3620 4054 5203 2071 5900 5807 4506 3052 6891 3722 2049 3602 
3665 6863 8405 1796 1259 5750 1366 8537 3580 5662 5409 3889 3986 6627 1590 2521 2966 6168 2476 2362 7522 3476 6239 931 4627 853 7427 5884 5781 3060 1869 5952 5850 10010 7395 4184 6301 5011 3337 5111 6271 1094 6525 6181 5370 4082 7883 2950 1035 4335 
8597 3452 7707 4649 5128 1223 4744 7474 9134 4340 6743 7761 2724 1997 7502 6874 3815 2143 5921 3932 8429 5884 4416 5694 9372 5169 2933 9408 4887 6232 7586 7221 9965 9770 7331 6436 11058 10046 5850 1805 2406 7011 7575 8509 976 2076 2016 7276 6964 2179 
