800
300
1
100
100
0 165 351 582 723 650 412 108 791 555 386 785 295 685 630 538 864 219 403 856 342 404 663 789 557 776 282 534 449 200 531 291 431 321 809 383 201 535 730 557 501 28 783 605 139 234 865 449 439 650 562 20 305 594 572 284 289 436 632 90 128 636 656 536 318 723 658 438 738 550 629 530 765 794 619 509 598 187 168 505 613 314 381 387 459 551 558 591 350 309 720 344 459 511 324 192 707 564 559 427 
165 0 276 556 660 487 432 271 626 412 252 621 334 520 486 481 702 383 489 815 199 366 505 684 433 616 249 513 387 56 385 456 267 438 644 288 195 496 589 482 354 137 645 601 181 150 817 286 401 570 403 149 286 458 408 215 305 419 560 183 239 493 521 468 154 707 494 440 573 402 494 564 621 647 523 358 578 343 62 454 478 292 460 542 360 395 550 478 407 192 662 291 295 371 270 289 547 403 413 380 
351 276 0 293 385 452 241 411 628 576 464 583 219 528 639 742 637 501 392 540 408 638 431 440 632 540 524 257 649 319 270 566 362 412 637 49 469 227 427 209 249 334 471 353 229 128 541 392 139 301 508 351 562 292 471 485 173 180 809 421 473 347 346 724 264 443 480 219 568 290 668 363 465 501 753 506 317 527 219 181 651 568 357 594 599 325 301 250 285 109 386 562 325 550 46 298 481 498 569 648 
582 556 293 0 193 661 201 599 837 860 757 768 308 752 917 1032 794 650 371 276 701 923 617 381 921 703 804 49 938 605 472 695 641 463 839 309 741 71 526 180 467 574 540 86 443 407 290 672 156 206 778 589 840 436 729 771 296 146 1102 667 710 489 456 1015 555 151 697 155 779 487 952 200 560 599 1045 789 27 722 495 122 935 847 348 664 891 541 61 325 304 401 178 847 590 837 287 439 661 765 850 935 
723 660 385 193 0 617 386 759 779 885 815 697 479 712 931 1110 701 823 563 181 764 1017 559 217 960 621 907 234 1019 700 449 874 670 651 775 375 854 199 424 181 458 710 418 254 587 513 167 698 287 108 784 726 945 383 723 864 457 310 1166 800 850 422 375 1088 614 207 656 336 726 458 974 388 451 487 1096 815 201 882 604 219 959 950 539 853 955 516 252 268 489 477 22 940 605 872 401 607 596 769 873 1023 
650 487 452 661 617 0 689 751 178 360 409 137 666 96 371 685 215 862 843 795 395 661 67 479 453 136 611 650 622 472 192 934 247 846 185 406 618 594 242 485 205 623 294 744 602 466 775 249 555 512 237 636 647 235 165 552 620 611 695 664 717 197 249 651 334 785 40 657 119 175 426 800 247 246 599 310 688 830 488 545 416 647 808 1001 521 128 700 351 736 389 633 600 194 374 495 707 73 219 342 648 
412 432 241 201 386 689 0 409 866 800 668 815 119 767 867 911 861 451 188 471 610 789 661 542 845 765 667 154 817 487 500 494 594 264 873 283 594 192 621 292 483 411 651 197 279 301 488 624 149 364 743 423 698 500 710 644 128 93 992 501 538 557 541 900 483 319 718 51 806 519 891 133 659 697 951 733 206 531 371 202 874 706 158 467 790 561 157 416 103 336 375 718 564 769 205 246 710 734 795 807 
108 271 411 599 759 751 409 0 897 661 491 887 293 790 736 615 964 112 351 874 449 478 761 850 659 874 364 549 532 308 621 185 538 250 914 450 283 563 815 605 592 135 866 606 182 311 887 556 471 697 670 127 379 677 679 377 304 455 714 159 160 723 738 618 422 728 762 446 843 641 733 511 851 882 711 616 610 124 264 541 717 388 337 281 555 647 564 660 326 392 753 428 562 616 375 164 806 672 665 505 
791 626 628 837 779 178 866 897 0 371 483 94 838 107 345 709 164 1009 1016 954 490 720 222 618 459 177 699 827 666 599 370 1081 362 1013 25 583 723 771 370 659 383 764 405 921 762 630 931 350 734 678 270 775 730 404 227 641 793 789 693 790 840 358 404 672 475 956 149 835 60 353 401 978 358 338 590 352 864 962 639 723 398 727 981 1158 560 306 877 521 910 557 797 672 337 404 670 870 184 258 354 700 
555 412 576 860 885 360 800 661 371 0 170 428 725 306 75 339 520 767 894 1064 214 357 422 803 94 479 366 830 298 361 445 836 219 849 396 552 416 790 592 716 431 530 648 928 589 502 1052 189 714 778 123 535 388 529 196 317 687 755 335 517 554 520 572 302 318 1006 331 791 351 444 92 931 604 605 239 71 886 688 456 738 76 383 862 941 192 390 876 625 802 469 897 323 281 46 600 700 430 142 18 334 
386 252 464 757 815 409 668 491 483 170 0 515 580 392 245 303 607 597 741 988 57 253 456 775 180 543 215 721 223 198 416 666 175 688 507 452 251 689 601 637 392 362 661 816 433 367 982 162 603 712 215 366 246 505 262 159 547 636 351 348 386 514 559 276 204 907 394 666 446 423 245 800 623 635 289 139 781 519 304 640 228 244 711 772 140 382 764 577 655 356 823 192 250 125 478 540 481 226 176 243 
785 621 583 768 697 137 815 887 94 428 515 0 798 125 416 766 93 998 975 869 511 762 154 528 521 83 726 762 714 602 315 1071 370 981 81 535 741 704 281 589 334 758 312 853 739 603 845 365 676 599 314 771 760 332 254 667 752 733 760 795 847 281 323 730 468 880 128 780 78 295 472 920 266 244 658 396 795 963 624 658 467 758 939 1138 609 259 812 446 868 525 716 707 327 454 627 844 107 298 410 745 
295 334 219 308 479 666 119 293 838 725 580 798 0 734 796 806 855 344 179 583 524 680 649 606 760 759 557 258 713 390 488 395 532 198 849 268 481 280 641 351 466 295 680 315 166 225 597 560 201 436 683 307 587 509 660 539 46 169 891 384 419 564 560 797 412 436 690 154 778 508 814 238 679 716 857 661 318 416 276 270 797 595 144 392 694 540 272 448 77 284 471 611 516 690 173 131 698 676 722 699 
685 520 528 752 712 96 767 790 107 306 392 125 734 0 301 642 218 901 913 891 392 637 158 572 399 176 605 738 589 494 280 974 258 907 124 484 624 684 330 578 288 657 377 834 654 524 870 248 639 607 189 669 638 330 130 546 689 694 639 686 737 293 344 606 368 878 56 739 55 265 357 883 330 321 540 271 779 857 531 634 350 636 878 1051 484 212 788 446 808 452 729 584 230 330 568 764 141 173 288 620 
630 486 639 917 931 371 867 736 345 75 245 416 796 301 0 371 504 843 966 1112 289 412 437 835 123 477 434 890 347 436 485 911 277 923 370 611 488 847 611 767 474 605 664 988 663 572 1098 247 775 823 148 610 453 564 217 388 757 818 347 592 628 548 601 334 385 1061 337 855 337 481 57 998 619 616 245 135 944 761 529 796 53 448 934 1017 246 424 937 667 873 533 944 387 330 120 665 774 436 165 74 386 
538 481 742 1032 1110 685 911 615 709 339 303 766 806 642 371 0 858 694 939 1278 348 138 741 1077 251 812 256 991 94 428 718 746 474 857 734 738 337 968 897 930 695 526 956 1082 642 626 1275 456 876 1009 454 520 237 807 522 268 784 899 103 458 460 813 860 37 497 1183 661 921 689 724 323 1042 916 924 158 375 1055 578 543 922 319 228 915 875 167 680 1030 878 874 638 1116 196 549 313 746 727 757 471 356 111 
864 702 637 794 701 215 861 964 164 520 607 93 855 218 504 858 0 1074 1028 866 602 854 208 513 612 96 817 794 807 686 367 1146 457 1044 142 588 829 734 277 614 391 837 291 879 809 671 838 455 717 611 407 850 852 364 346 758 809 775 850 878 932 308 338 822 549 894 216 823 169 347 560 958 251 219 748 488 820 1045 700 691 556 850 993 1207 702 322 842 469 922 590 721 799 409 547 682 911 160 391 502 838 
219 383 501 650 823 862 451 112 1009 767 597 998 344 901 843 694 1074 0 345 922 558 556 869 933 760 983 451 601 616 418 726 73 650 229 1026 543 373 624 916 682 697 246 965 644 277 413 939 668 540 772 781 237 459 778 791 473 368 513 795 254 235 826 838 701 533 767 873 495 954 746 837 530 952 984 802 725 657 125 374 610 822 468 342 182 650 755 608 751 354 495 815 515 673 723 461 217 915 783 773 585 
403 489 392 371 563 843 188 351 1016 894 741 975 179 913 966 939 1028 345 0 618 687 806 824 729 922 932 684 330 848 545 662 365 708 117 1027 440 603 377 801 480 641 414 835 334 309 401 642 736 333 551 858 420 708 674 838 678 224 281 1031 489 507 731 720 935 586 452 868 239 957 682 981 201 839 877 1007 833 368 454 438 390 964 716 35 301 844 716 315 600 107 462 549 744 694 856 348 212 873 853 892 829 
856 815 540 276 181 795 471 874 954 1064 988 869 583 891 1112 1278 866 922 618 0 935 1178 736 357 1138 791 1064 325 1186 859 630 963 848 722 949 540 1005 322 592 351 638 846 576 284 717 665 38 876 420 289 965 862 1101 562 904 1025 572 421 1339 939 984 599 550 1257 785 168 835 429 903 638 1154 419 614 647 1272 993 265 998 756 361 1138 1107 602 918 1127 697 314 449 570 641 168 1102 784 1049 547 713 771 949 1052 1187 
342 199 408 701 764 395 610 449 490 214 57 511 524 392 289 348 602 558 687 935 0 280 436 732 236 531 216 664 262 147 378 628 150 636 512 397 233 633 571 585 352 317 630 759 379 310 929 147 546 661 231 323 253 466 264 157 490 579 404 314 358 480 523 324 150 851 386 608 447 387 295 743 595 610 345 168 725 487 249 585 278 252 656 729 192 352 707 531 599 300 771 210 219 172 421 488 466 238 217 276 
404 366 638 923 1017 661 789 478 720 357 253 762 680 637 412 138 854 556 806 1178 280 0 709 1007 291 795 123 880 72 319 658 609 426 721 744 641 203 862 850 836 631 393 910 967 515 516 1178 415 767 920 450 386 99 745 508 153 661 785 239 321 322 760 803 147 415 1073 645 803 689 667 376 917 874 887 263 368 944 441 428 818 367 91 783 737 166 631 915 802 745 540 1021 77 498 318 636 594 734 465 372 32 
663 505 431 617 559 67 661 761 222 422 456 154 649 158 437 741 208 869 824 736 436 709 0 414 515 114 651 609 674 496 162 941 286 836 222 383 650 552 176 438 184 636 228 701 602 463 715 294 522 457 299 651 688 182 226 592 603 579 755 685 740 137 187 707 355 734 105 626 167 142 491 766 182 184 661 368 644 847 497 505 480 688 788 1000 575 115 659 299 717 382 577 645 222 433 476 702 49 281 405 698 
789 684 440 381 217 479 542 850 618 803 775 528 606 572 835 1077 513 933 729 357 732 1007 414 0 889 446 912 408 994 710 362 994 607 798 609 407 876 354 248 256 383 770 222 457 668 557 327 630 406 180 688 787 952 274 618 861 571 451 1116 852 907 287 234 1050 592 423 519 491 573 360 884 580 264 294 1033 737 398 967 640 342 871 955 700 997 913 413 442 207 639 493 238 931 533 801 474 720 439 670 788 1006 
557 433 632 921 960 453 845 659 459 94 180 521 760 399 123 251 612 760 922 1138 236 291 515 889 0 573 328 888 225 378 529 826 290 866 484 613 393 852 683 787 511 535 740 985 613 544 1128 263 771 853 216 537 342 615 289 290 726 808 242 506 535 609 660 214 368 1070 425 840 443 529 86 977 696 699 146 152 947 669 485 802 76 336 892 939 128 477 933 705 836 523 970 275 359 89 650 719 524 235 112 264 
776 616 540 703 621 136 765 874 177 479 543 83 759 176 477 812 96 983 932 791 531 795 114 446 573 0 747 701 753 604 271 1055 383 948 164 492 753 642 200 523 295 749 229 789 716 577 765 385 622 526 359 763 783 270 290 688 713 679 814 795 849 215 250 777 464 809 151 727 147 251 533 864 183 161 715 437 729 958 610 598 526 783 897 1113 650 229 750 378 825 496 640 735 326 500 586 816 69 341 461 781 
282 249 524 804 907 611 667 364 699 366 215 726 557 605 434 256 817 451 684 1064 216 123 651 912 328 747 0 760 168 207 576 511 365 602 721 532 82 745 776 727 547 270 836 846 391 399 1065 363 649 814 430 264 40 661 475 60 538 665 351 205 217 683 721 255 324 954 602 681 660 588 412 794 803 821 351 353 825 347 309 703 399 44 661 633 206 560 795 706 622 432 910 64 431 320 519 472 682 441 377 145 
534 513 257 49 234 650 154 549 827 830 721 762 258 738 890 991 794 601 330 325 664 880 609 408 888 701 760 0 897 563 458 647 613 417 830 278 695 61 532 183 450 526 551 99 394 365 339 643 117 229 752 541 796 431 707 728 247 98 1063 619 662 486 458 975 520 194 684 106 768 475 922 175 567 606 1009 759 65 673 452 104 905 802 305 619 853 526 50 326 257 366 221 805 566 805 246 389 655 740 821 893 
449 387 649 938 1019 622 817 532 666 298 223 714 713 589 347 94 807 616 848 1186 262 72 674 994 225 753 168 897 0 334 638 672 397 769 691 646 250 875 824 839 613 435 883 987 549 532 1183 382 782 919 400 430 158 726 463 174 689 805 183 373 381 737 782 87 408 1089 602 826 640 645 308 948 844 855 193 319 961 505 448 829 300 149 824 798 106 605 935 793 781 545 1025 105 472 262 651 636 695 416 314 41 
200 56 319 605 700 472 487 308 599 361 198 602 390 494 436 428 686 418 545 859 147 319 496 710 378 604 207 563 334 0 391 490 237 490 618 325 168 543 595 520 361 173 653 653 236 198 860 252 449 607 362 181 246 470 376 166 361 471 505 193 245 500 532 414 142 756 474 493 549 406 442 619 626 649 467 311 627 363 116 499 425 251 516 585 304 391 601 503 463 225 703 243 278 319 318 342 535 365 363 330 
531 385 270 472 449 192 500 621 370 445 416 315 488 280 485 718 367 726 662 630 378 658 162 362 529 271 576 458 638 391 0 797 246 677 375 221 557 403 204 300 31 506 262 553 453 314 614 268 364 341 337 522 616 89 274 520 442 420 755 568 624 109 145 690 254 601 226 466 311 21 531 608 236 263 672 378 499 718 364 354 517 618 626 847 553 69 508 182 555 232 463 585 171 440 315 548 211 320 431 654 
291 456 566 695 874 934 494 185 1081 836 666 1071 395 974 911 746 1146 73 365 963 628 609 941 994 826 1055 511 647 672 490 797 0 722 249 1099 610 436 675 985 741 768 319 1033 681 346 483 982 740 595 829 852 309 515 847 863 537 424 564 848 320 294 895 906 756 606 804 946 541 1027 817 904 560 1021 1054 861 796 700 168 446 664 889 524 369 134 713 827 649 816 394 566 865 574 746 791 525 274 987 855 842 640 
431 267 362 641 670 247 594 538 362 219 175 370 532 258 277 474 457 650 708 848 150 426 286 607 290 383 365 613 397 237 246 722 0 682 381 334 372 571 426 498 224 404 486 711 420 307 837 30 498 563 150 414 402 334 141 306 491 542 509 429 479 340 386 444 124 787 242 580 312 250 310 723 448 462 430 148 668 600 289 520 294 402 674 807 308 207 660 416 609 259 680 359 75 202 390 533 317 145 209 417 
321 438 412 463 651 846 264 250 1013 849 688 981 198 907 923 857 1044 229 117 722 636 721 836 798 866 948 602 417 769 490 677 249 682 0 1026 461 520 455 838 542 652 337 877 439 262 383 744 707 392 623 829 340 622 704 818 604 241 348 952 400 410 759 756 857 557 560 867 315 954 698 932 312 876 912 939 793 464 343 396 457 915 631 121 202 777 724 412 646 162 457 639 664 680 809 366 150 885 826 850 746 
809 644 637 839 775 185 873 914 25 396 507 81 849 124 370 734 142 1026 1027 949 512 744 222 609 484 164 721 830 691 618 375 1099 381 1026 0 591 745 773 361 660 390 782 393 923 776 643 924 370 739 675 294 793 753 404 248 663 803 795 718 810 860 356 400 697 492 955 159 841 72 357 426 983 347 325 615 376 866 982 655 726 423 750 991 1173 585 313 880 520 920 569 793 696 353 428 679 884 180 281 378 724 
383 288 49 309 375 406 283 450 583 552 452 535 268 484 611 738 588 543 440 540 397 641 383 407 613 492 532 278 646 325 221 610 334 461 591 0 483 239 380 195 202 363 424 377 268 150 537 365 165 283 476 380 571 244 434 489 222 213 801 446 500 298 299 718 248 457 435 256 523 242 644 401 417 452 739 481 335 563 237 189 627 576 405 641 589 279 326 210 333 101 380 564 290 528 95 344 432 464 543 648 
201 195 469 741 854 618 594 283 723 416 251 741 481 624 488 337 829 373 603 1005 233 203 650 876 393 753 82 695 250 168 557 436 372 520 745 483 0 684 760 676 526 191 819 777 316 341 1009 376 587 765 462 183 106 637 496 102 466 598 433 123 143 665 699 337 303 888 614 611 679 571 474 719 790 811 429 390 760 276 250 645 459 114 580 555 277 551 727 669 544 386 856 145 428 370 458 391 686 470 425 226 
535 496 227 71 199 594 192 563 771 790 689 704 280 684 847 968 734 624 377 322 633 862 552 354 852 642 745 61 875 543 403 675 571 455 773 239 684 0 471 122 398 525 490 150 397 346 329 601 98 174 707 541 782 373 658 709 259 111 1036 617 664 427 397 950 486 218 629 141 712 419 881 235 507 545 977 719 98 686 436 52 865 788 349 658 825 472 108 266 294 334 191 786 520 767 227 408 597 694 780 873 
730 589 427 526 424 242 621 815 370 592 601 281 641 330 611 897 277 916 801 592 571 850 176 248 683 200 776 532 824 595 204 985 426 838 361 380 760 471 0 349 235 706 60 611 639 504 565 442 472 335 470 722 816 138 397 719 597 529 920 771 827 95 81 866 457 618 280 577 326 190 664 703 38 76 829 533 550 917 564 433 653 817 767 1021 730 219 578 207 697 423 444 781 352 598 473 723 192 452 575 844 
557 482 209 180 181 485 292 605 659 716 637 589 351 578 767 930 614 682 480 351 585 836 438 256 787 523 727 183 839 520 300 741 498 542 660 195 676 122 349 0 300 541 369 266 426 337 345 528 151 93 623 558 766 256 567 684 317 199 988 630 681 309 277 908 435 301 522 242 602 313 807 355 385 424 920 645 206 726 427 91 791 771 449 742 777 369 229 145 385 296 186 759 438 699 233 467 482 608 705 843 
501 354 249 467 458 205 483 592 383 431 392 334 466 288 474 695 391 697 641 638 352 631 184 383 511 295 547 450 613 361 31 768 224 652 390 202 526 398 235 300 0 475 293 547 424 285 624 249 351 350 327 491 587 114 267 491 419 406 734 537 593 140 174 666 224 601 236 452 323 49 518 595 267 294 653 361 494 687 333 347 503 589 606 820 530 78 500 195 534 203 471 558 152 422 293 521 233 311 417 628 
28 137 334 574 710 623 411 135 764 530 362 758 295 657 605 526 837 246 414 846 317 393 636 770 535 749 270 526 435 173 506 319 404 337 782 363 191 525 706 541 475 0 759 601 133 213 854 421 428 634 535 17 296 570 545 267 285 428 618 93 140 612 633 522 290 717 631 434 711 524 606 532 740 768 602 483 591 212 142 493 590 304 390 412 440 524 553 570 354 286 708 330 431 487 309 201 680 537 533 415 
783 645 471 540 418 294 651 866 405 648 661 312 680 377 664 956 291 965 835 576 630 910 228 222 740 229 836 551 883 653 262 1033 486 877 393 424 819 490 60 369 293 759 0 624 688 554 548 501 503 340 526 776 875 189 452 778 637 558 978 827 883 153 127 924 515 620 330 605 367 248 718 724 47 72 886 590 563 970 618 457 708 876 801 1064 789 279 595 235 732 475 439 840 412 655 515 768 236 507 631 903 
605 601 353 86 254 744 197 606 921 928 816 853 315 834 988 1082 879 644 334 284 759 967 701 457 985 789 846 99 987 653 553 681 711 439 923 377 777 150 611 266 547 601 624 0 468 456 308 742 214 288 851 615 880 521 805 817 316 182 1156 693 732 574 542 1067 617 123 779 167 862 569 1020 140 645 684 1104 858 61 728 540 200 1004 887 318 635 947 622 52 411 289 462 235 893 664 903 339 443 746 839 920 981 
139 181 229 443 587 602 279 182 762 589 433 739 166 654 663 642 809 277 309 717 379 515 602 668 613 716 391 394 549 236 453 346 420 262 776 268 316 397 639 426 424 133 688 468 0 139 726 445 301 519 567 147 421 501 559 375 152 297 729 225 268 550 561 634 296 584 618 301 704 473 674 403 676 708 700 531 459 300 134 368 657 429 280 399 536 487 420 478 232 221 584 446 425 550 194 113 649 564 589 534 
234 150 128 407 513 466 301 311 630 502 367 603 225 524 572 626 671 413 401 665 310 516 463 557 544 577 399 365 532 198 314 483 307 383 643 150 341 346 504 337 285 213 554 456 139 0 668 335 251 428 458 230 436 366 439 364 185 274 700 296 350 413 427 611 187 558 485 300 572 334 592 434 540 571 653 437 429 418 91 305 575 442 367 536 493 349 404 357 302 82 514 440 297 469 120 241 511 452 498 528 
865 817 541 290 167 775 488 887 931 1052 982 845 597 870 1098 1275 838 939 642 38 929 1178 715 327 1128 765 1065 339 1183 860 614 982 837 744 924 537 1009 329 565 345 624 854 548 308 726 668 0 866 426 275 950 870 1103 543 888 1025 584 433 1333 946 993 578 528 1253 779 197 814 445 880 621 1141 445 587 619 1264 982 282 1011 759 364 1126 1109 625 942 1121 680 333 432 589 638 158 1101 772 1039 551 728 747 934 1040 1186 
449 286 392 672 698 249 624 556 350 189 162 365 560 248 247 456 455 668 736 876 147 415 294 630 263 385 363 643 382 252 268 740 30 707 370 365 376 601 442 528 249 421 501 742 445 335 866 0 528 591 123 431 399 356 124 304 519 572 486 441 490 358 406 425 150 817 239 610 303 271 280 753 462 473 404 118 698 614 312 550 264 398 702 828 289 225 690 442 637 289 709 352 97 174 420 558 321 119 179 405 
439 401 139 156 287 555 149 471 734 714 603 676 201 639 775 876 717 540 333 420 546 767 522 406 771 622 649 117 782 449 364 595 498 392 739 165 587 98 472 151 351 428 503 214 301 251 426 528 0 235 640 444 685 354 598 615 172 58 946 520 567 411 393 859 403 307 587 106 674 382 806 244 510 548 892 644 179 594 340 70 789 692 301 591 736 429 162 268 235 248 283 691 454 688 131 323 570 629 706 779 
650 570 301 206 108 512 364 697 678 778 712 599 436 607 823 1009 611 772 551 289 661 920 457 180 853 526 814 229 919 607 341 829 563 623 675 283 765 174 335 93 350 634 340 288 519 428 275 591 235 0 676 651 853 277 615 768 405 275 1063 722 773 320 276 986 512 284 551 312 624 350 866 403 366 403 991 707 227 818 518 166 851 857 522 824 852 408 266 161 462 382 122 843 497 765 326 556 495 660 765 925 
562 403 508 778 784 237 743 670 270 123 215 314 683 189 148 454 407 781 858 965 231 450 299 688 216 359 430 752 400 362 337 852 150 829 294 476 462 707 470 623 327 535 526 851 567 458 950 123 640 676 0 544 460 417 73 374 641 687 458 544 589 402 455 418 273 919 209 726 239 333 196 870 481 483 362 82 805 718 433 656 184 457 825 945 295 276 801 519 759 407 797 402 187 141 538 680 308 19 105 432 
20 149 351 589 726 636 423 127 775 535 366 771 307 669 610 520 850 237 420 862 323 386 651 787 537 763 264 541 430 181 522 309 414 340 793 380 183 541 722 558 491 17 776 615 147 230 870 431 444 651 544 0 288 587 555 264 299 443 613 78 123 628 649 517 303 731 644 448 723 540 609 544 756 784 600 490 606 197 158 509 593 297 398 406 439 539 567 587 364 303 724 325 444 491 326 208 694 546 539 409 
305 286 562 840 945 647 698 379 730 388 246 760 587 638 453 237 852 459 708 1101 253 99 688 952 342 783 40 796 158 246 616 515 402 622 753 571 106 782 816 766 587 296 875 880 421 436 1103 399 685 853 460 288 0 701 508 97 570 700 336 222 224 722 761 242 364 989 637 714 692 628 428 824 842 860 348 381 861 348 346 741 416 9 686 641 216 599 829 745 650 471 948 67 469 344 555 496 719 472 401 127 
594 458 292 436 383 235 500 677 404 529 505 332 509 330 564 807 364 778 674 562 466 745 182 274 615 270 661 431 726 470 89 847 334 704 404 244 637 373 138 256 114 570 189 521 501 366 543 356 354 277 417 587 701 0 349 605 464 412 843 639 695 57 63 778 337 552 274 460 348 86 612 594 175 209 759 463 463 781 429 328 599 703 640 885 641 141 481 117 569 286 399 672 259 526 338 586 225 399 515 742 
572 408 471 729 723 165 710 679 227 196 262 254 660 130 217 522 346 791 838 904 264 508 226 618 289 290 475 707 463 376 274 863 141 818 248 434 496 658 397 567 267 545 452 805 559 439 888 124 598 615 73 555 508 349 0 416 617 647 530 565 614 331 384 487 263 866 139 689 185 267 268 834 408 410 435 147 756 738 429 607 256 506 804 948 360 209 756 456 736 378 737 454 146 210 506 671 236 55 179 493 
284 215 485 771 864 552 644 377 641 317 159 667 539 546 388 268 758 473 678 1025 157 153 592 861 290 688 60 728 174 166 520 537 306 604 663 489 102 709 719 684 491 267 778 817 375 364 1025 304 615 768 374 264 97 605 416 0 516 635 354 219 245 626 665 259 270 921 542 654 601 531 372 774 745 762 336 298 793 378 277 665 357 98 652 654 178 502 765 655 608 387 868 77 372 271 484 466 622 384 327 164 
289 305 173 296 457 620 128 304 793 687 547 752 46 689 757 784 809 368 224 572 490 661 603 571 726 713 538 247 689 361 442 424 491 241 803 222 466 259 597 317 419 285 637 316 152 185 584 519 172 405 641 299 570 464 617 516 0 151 866 377 417 519 515 773 372 434 644 149 733 462 777 258 635 671 827 622 310 428 246 242 760 577 189 431 665 494 269 407 119 239 450 590 472 653 127 152 652 634 684 678 
436 419 180 146 310 611 93 455 789 755 636 733 169 694 818 899 775 513 281 421 579 785 579 451 808 679 665 98 805 471 420 564 542 348 795 213 598 111 529 199 406 428 558 182 297 274 433 572 58 275 687 443 700 412 647 635 151 0 974 521 564 469 450 884 440 290 642 48 729 438 847 189 567 605 924 686 163 578 358 110 830 706 250 550 766 484 130 324 187 286 302 711 503 727 158 298 627 676 748 799 
632 560 809 1102 1166 695 992 714 693 335 351 760 891 639 347 103 850 795 1031 1339 404 239 755 1116 242 814 351 1063 183 505 755 848 509 952 718 801 433 1036 920 988 734 618 978 1156 729 700 1333 486 946 1063 458 613 336 843 530 354 866 974 0 555 561 842 892 96 554 1253 667 998 681 758 292 1124 935 939 103 388 1125 680 621 988 294 327 1005 976 211 709 1103 924 961 702 1174 288 583 323 817 819 765 476 353 210 
90 183 421 667 800 664 501 159 790 517 348 795 384 686 592 458 878 254 489 939 314 321 685 852 506 795 205 619 373 193 568 320 429 400 810 446 123 617 771 630 537 93 827 693 225 296 946 441 520 722 544 78 222 639 565 219 377 521 555 0 56 676 701 460 331 810 667 526 741 585 584 620 804 830 552 481 683 174 213 584 569 231 468 435 397 577 645 649 439 361 799 268 470 472 399 280 726 549 524 347 
128 239 473 710 850 717 538 160 840 554 386 847 419 737 628 460 932 235 507 984 358 322 740 907 535 849 217 662 381 245 624 294 479 410 860 500 143 664 827 681 593 140 883 732 268 350 993 490 567 773 589 123 224 695 614 245 417 564 561 56 0 732 758 466 385 851 719 566 792 641 616 652 860 886 567 523 726 134 269 632 601 233 490 417 419 632 686 704 468 417 848 280 523 508 449 305 780 595 562 351 
636 493 347 489 422 197 557 723 358 520 514 281 564 293 548 813 308 826 731 599 480 760 137 287 609 215 683 486 737 500 109 895 340 759 356 298 665 427 95 309 140 612 153 574 550 413 578 358 411 320 402 628 722 57 331 626 519 469 842 676 732 0 53 783 362 600 237 517 304 95 598 650 128 159 754 457 515 823 469 383 586 724 696 937 647 133 535 165 625 331 440 689 264 521 392 638 176 384 504 755 
656 521 346 456 375 249 541 738 404 572 559 323 560 344 601 860 338 838 720 550 523 803 187 234 660 250 721 458 782 532 145 906 386 756 400 299 699 397 81 277 174 633 127 542 561 427 528 406 393 276 455 649 761 63 384 665 515 450 892 701 758 53 0 831 398 559 289 498 353 137 651 627 120 157 805 508 481 843 491 357 639 763 686 940 694 183 505 132 616 348 393 731 311 572 392 643 221 437 556 799 
536 468 724 1015 1088 651 900 618 672 302 276 730 797 606 334 37 822 701 935 1257 324 147 707 1050 214 777 255 975 87 414 690 756 444 857 697 718 337 950 866 908 666 522 924 1067 634 611 1253 425 859 986 418 517 242 778 487 259 773 884 96 460 466 783 831 0 474 1166 627 907 653 695 286 1031 884 891 127 341 1038 588 530 903 282 233 910 883 137 650 1015 852 867 618 1095 193 520 277 729 723 723 436 320 116 
318 154 264 555 614 334 483 422 475 318 204 468 412 368 385 497 549 533 586 785 150 415 355 592 368 464 324 520 408 142 254 606 124 557 492 248 303 486 457 435 224 290 515 617 296 187 779 150 403 512 273 303 364 337 263 270 372 440 554 331 385 362 398 474 0 704 341 474 421 267 409 614 486 508 491 251 580 496 166 437 392 366 553 685 342 249 565 387 489 155 621 340 141 287 283 409 396 269 312 416 
723 707 443 151 207 785 319 728 956 1006 907 880 436 878 1061 1183 894 767 452 168 851 1073 734 423 1070 809 954 194 1089 756 601 804 787 560 955 457 888 218 618 301 601 717 620 123 584 558 197 817 307 284 919 731 989 552 866 921 434 290 1253 810 851 600 559 1166 704 0 822 285 900 614 1097 252 649 686 1195 935 129 851 645 268 1081 996 438 753 1042 670 165 435 413 551 185 998 732 985 438 565 775 906 996 1085 
658 494 480 697 656 40 718 762 149 331 394 128 690 56 337 661 216 873 868 835 386 645 105 519 425 151 602 684 602 474 226 946 242 867 159 435 614 629 280 522 236 631 330 779 618 485 814 239 587 551 209 644 637 274 139 542 644 642 667 667 719 237 289 627 341 822 0 688 89 210 393 831 283 278 569 286 724 835 500 580 384 636 833 1016 499 159 734 390 762 410 672 587 200 349 521 726 99 191 313 630 
438 440 219 155 336 657 51 446 835 791 666 780 154 739 855 921 823 495 239 429 608 803 626 491 840 727 681 106 826 493 466 541 580 315 841 256 611 141 577 242 452 434 605 167 301 300 445 610 106 312 726 448 714 460 689 654 149 48 998 526 566 517 498 907 474 285 688 0 775 485 882 145 614 653 952 722 164 569 378 152 865 721 209 517 792 530 120 371 153 322 325 729 544 761 191 284 674 717 784 818 
738 573 568 779 726 119 806 843 60 351 446 78 778 55 337 689 169 954 957 903 447 689 167 573 443 147 660 768 640 549 311 1027 312 954 72 523 679 712 326 602 323 711 367 862 704 572 880 303 674 624 239 723 692 348 185 601 733 729 681 741 792 304 353 653 421 900 89 775 0 294 394 918 319 304 580 321 806 912 583 664 389 690 921 1101 534 246 818 465 851 498 744 637 281 379 610 812 135 224 333 671 
550 402 290 487 458 175 519 641 353 444 423 295 508 265 481 724 347 746 682 638 387 667 142 360 529 251 588 475 645 406 21 817 250 698 357 242 571 419 190 313 49 524 248 569 473 334 621 271 382 350 333 540 628 86 267 531 462 438 758 585 641 95 137 695 267 614 210 485 294 0 528 626 220 245 673 377 514 736 382 370 514 629 647 867 558 59 524 189 575 252 472 595 175 440 335 569 191 316 429 662 
629 494 668 952 974 426 891 733 401 92 245 472 814 357 57 323 560 837 981 1154 295 376 491 884 86 533 412 922 308 442 531 904 310 932 426 644 474 881 664 807 518 606 718 1020 674 592 1141 280 806 866 196 609 428 612 268 372 777 847 292 584 616 598 651 286 409 1097 393 882 394 528 0 1023 673 671 189 163 978 749 542 830 17 421 949 1014 214 472 968 712 890 561 986 360 370 124 691 783 492 214 102 348 
530 564 363 200 388 800 133 511 978 931 800 920 238 883 998 1042 958 530 201 419 743 917 766 580 977 864 794 175 948 619 608 560 723 312 983 401 719 235 703 355 595 532 724 140 403 434 445 753 244 403 870 544 824 594 834 774 258 189 1124 620 652 650 627 1031 614 252 831 145 918 626 1023 0 739 778 1084 864 187 627 503 269 1006 832 191 501 922 673 138 496 185 464 371 847 689 901 333 349 813 861 926 936 
765 621 465 560 451 247 659 851 358 604 623 266 679 330 619 916 251 952 839 614 595 874 182 264 696 183 803 567 844 626 236 1021 448 876 347 417 790 507 38 385 267 740 47 645 676 540 587 462 510 366 481 756 842 175 408 745 635 567 935 804 860 128 120 884 486 649 283 614 319 220 673 739 0 39 842 547 584 952 598 470 663 843 805 1059 749 243 613 244 735 459 471 805 376 613 511 761 189 462 586 866 
794 647 501 599 487 246 697 882 338 605 635 244 716 321 616 924 219 984 877 647 610 887 184 294 699 161 821 606 855 649 263 1054 462 912 325 452 811 545 76 424 294 768 72 684 708 571 619 473 548 403 483 784 860 209 410 762 671 605 939 830 886 159 157 891 508 686 278 653 304 245 671 778 39 0 844 552 623 980 626 509 661 860 843 1094 758 261 652 282 772 489 507 820 391 617 546 795 180 464 588 878 
619 523 753 1045 1096 599 951 711 590 239 289 658 857 540 245 158 748 802 1007 1272 345 263 661 1033 146 715 351 1009 193 467 672 861 430 939 615 739 429 977 829 920 653 602 886 1104 700 653 1264 404 892 991 362 600 348 759 435 336 827 924 103 552 567 754 805 127 491 1195 569 952 580 673 189 1084 842 844 0 298 1070 695 582 928 192 339 980 984 164 622 1052 846 930 644 1105 287 502 233 766 798 668 380 256 231 
509 358 506 789 815 310 733 616 352 71 139 396 661 271 135 375 488 725 833 993 168 368 368 737 152 437 353 759 319 311 378 796 148 793 376 481 390 719 533 645 361 483 590 858 531 437 982 118 644 707 82 490 381 463 147 298 622 686 388 481 523 457 508 341 251 935 286 722 321 377 163 864 547 552 298 0 815 654 397 667 147 377 800 895 214 325 806 556 738 400 826 321 211 66 531 643 382 98 62 350 
598 578 317 27 201 688 206 610 864 886 781 795 318 779 944 1055 820 657 368 265 725 944 644 398 947 729 825 65 961 627 499 700 668 464 866 335 760 98 550 206 494 591 563 61 459 429 282 698 179 227 805 606 861 463 756 793 310 163 1125 683 726 515 481 1038 580 129 724 164 806 514 978 187 584 623 1070 815 0 733 516 149 962 867 347 664 915 568 53 351 307 426 185 869 617 863 309 448 688 792 877 957 
187 343 527 722 882 830 531 124 962 688 519 963 416 857 761 578 1045 125 454 998 487 441 847 967 669 958 347 673 505 363 718 168 600 343 982 563 276 686 917 726 687 212 970 728 300 418 1011 614 594 818 718 197 348 781 738 378 428 578 680 174 134 823 843 588 496 851 835 569 912 736 749 627 952 980 695 654 733 0 354 664 735 357 446 299 551 735 687 773 444 495 877 409 637 642 494 286 890 722 695 472 
168 62 219 495 604 488 371 264 639 456 304 624 276 531 529 543 700 374 438 756 249 428 497 640 485 610 309 452 448 116 364 446 289 396 655 237 250 436 564 427 333 142 618 540 134 91 759 312 340 518 433 158 346 429 429 277 246 358 621 213 269 469 491 530 166 645 500 378 583 382 542 503 598 626 582 397 516 354 0 395 525 352 407 520 419 384 488 436 351 148 606 353 302 418 210 247 542 431 455 441 
505 454 181 122 219 545 202 541 723 738 640 658 270 634 796 922 691 610 390 361 585 818 505 342 802 598 703 104 829 499 354 664 520 457 726 189 645 52 433 91 347 493 457 200 368 305 364 550 70 166 656 509 741 328 607 665 242 110 988 584 632 383 357 903 437 268 580 152 664 370 830 269 470 509 928 667 149 664 395 0 814 746 359 657 777 422 154 227 297 286 216 742 468 717 187 393 551 643 729 828 
613 478 651 935 959 416 874 717 398 76 228 467 797 350 53 319 556 822 964 1138 278 367 480 871 76 526 399 905 300 425 517 889 294 915 423 627 459 865 653 791 503 590 708 1004 657 575 1126 264 789 851 184 593 416 599 256 357 760 830 294 569 601 586 639 282 392 1081 384 865 389 514 17 1006 663 661 192 147 962 735 525 814 0 409 932 998 203 458 952 697 873 544 971 348 355 107 675 766 483 202 86 340 
314 292 568 847 950 647 706 388 727 383 244 758 595 636 448 228 850 468 716 1107 252 91 688 955 336 783 44 802 149 251 618 524 402 631 750 576 114 788 817 771 589 304 876 887 429 442 1109 398 692 857 457 297 9 703 506 98 577 706 327 231 233 724 763 233 366 996 636 721 690 629 421 832 843 860 339 377 867 357 352 746 409 0 694 650 209 600 836 749 658 475 953 61 470 339 561 505 718 469 396 118 
381 460 357 348 539 808 158 337 981 862 711 939 144 878 934 915 993 342 35 602 656 783 788 700 892 897 661 305 824 516 626 369 674 121 991 405 580 349 767 449 606 390 801 318 280 367 625 702 301 522 825 398 686 640 804 652 189 250 1005 468 490 696 686 910 553 438 833 209 921 647 949 191 805 843 980 800 347 446 407 359 932 694 0 318 816 681 294 566 72 427 526 719 659 825 313 189 837 819 860 805 
387 542 594 664 853 1001 467 281 1158 941 772 1138 392 1051 1017 875 1207 182 301 918 729 737 1000 997 939 1113 633 619 798 585 847 134 807 202 1173 641 555 658 1021 742 820 412 1064 635 399 536 942 828 591 824 945 406 641 885 948 654 431 550 976 435 417 937 940 883 685 753 1016 517 1101 867 1014 501 1059 1094 984 895 664 299 520 657 998 650 318 0 832 885 611 837 364 617 841 697 821 897 549 299 1047 945 945 767 
459 360 599 891 955 521 790 555 560 192 140 609 694 484 246 167 702 650 844 1127 192 166 575 913 128 650 206 853 106 304 553 713 308 777 585 589 277 825 730 777 530 440 789 947 536 493 1121 289 736 852 295 439 216 641 360 178 665 766 211 397 419 647 694 137 342 1042 499 792 534 558 214 922 749 758 164 214 915 551 419 777 203 209 816 832 0 513 895 716 766 491 963 149 383 156 609 635 593 312 208 142 
551 395 325 541 516 128 561 647 306 390 382 259 540 212 424 680 322 755 716 697 352 631 115 413 477 229 560 526 605 391 69 827 207 724 313 279 551 472 219 369 78 524 279 622 487 349 680 225 429 408 276 539 599 141 209 502 494 484 709 577 632 133 183 650 249 670 159 530 246 59 472 673 243 261 622 325 568 735 384 422 458 600 681 885 513 0 576 248 610 268 531 562 133 389 368 589 162 259 375 624 
558 550 301 61 252 700 157 564 877 876 764 812 272 788 937 1030 842 608 315 314 707 915 659 442 933 750 795 50 935 601 508 649 660 412 880 326 727 108 578 229 500 553 595 52 420 404 333 690 162 266 801 567 829 481 756 765 269 130 1103 645 686 535 505 1015 565 165 734 120 818 524 968 138 613 652 1052 806 53 687 488 154 952 836 294 611 895 576 0 374 256 410 236 841 614 851 286 402 705 789 868 929 
591 478 250 325 268 351 416 660 521 625 577 446 448 446 667 878 469 751 600 449 531 802 299 207 705 378 706 326 793 503 182 816 416 646 520 210 669 266 207 145 195 570 235 411 478 357 432 442 268 161 519 587 745 117 456 655 407 324 924 649 704 165 132 852 387 435 390 371 465 189 712 496 244 282 846 556 351 773 436 227 697 749 566 837 716 248 374 0 498 288 284 726 346 616 292 545 340 503 612 803 
350 407 285 304 489 736 103 326 910 802 655 868 77 808 873 874 922 354 107 570 599 745 717 639 836 825 622 257 781 463 555 394 609 162 920 333 544 294 697 385 534 354 732 289 232 302 589 637 235 462 759 364 650 569 736 608 119 187 961 439 468 625 616 867 489 413 762 153 851 575 890 185 735 772 930 738 307 444 351 297 873 658 72 364 766 610 256 498 0 359 478 678 591 766 241 164 766 753 799 766 
309 192 109 401 477 389 336 392 557 469 356 525 284 452 533 638 590 495 462 641 300 540 382 493 523 496 432 366 545 225 232 566 259 457 569 101 386 334 423 296 203 286 475 462 221 82 638 289 248 382 407 303 471 286 378 387 239 286 702 361 417 331 348 618 155 551 410 322 498 252 561 464 459 489 644 400 426 495 148 286 544 475 427 617 491 268 410 288 359 0 481 463 233 441 132 320 430 399 462 547 
720 662 386 178 22 633 375 753 797 897 823 716 471 729 944 1116 721 815 549 168 771 1021 577 238 970 640 910 221 1025 703 463 865 680 639 793 380 856 191 444 186 471 708 439 235 584 514 158 709 283 122 797 724 948 399 737 868 450 302 1174 799 848 440 393 1095 621 185 672 325 744 472 986 371 471 507 1105 826 185 877 606 216 971 953 526 841 963 531 236 284 478 481 0 944 616 882 401 600 614 782 884 1028 
344 291 562 847 940 600 718 428 672 323 192 707 611 584 387 196 799 515 744 1102 210 77 645 931 275 735 64 805 105 243 585 574 359 664 696 564 145 786 781 759 558 330 840 893 446 440 1101 352 691 843 402 325 67 672 454 77 590 711 288 268 280 689 731 193 340 998 587 729 637 595 360 847 805 820 287 321 869 409 353 742 348 61 719 697 149 562 841 726 678 463 944 0 430 280 560 531 672 415 336 89 
459 295 325 590 605 194 564 562 337 281 250 327 516 230 330 549 409 673 694 784 219 498 222 533 359 326 431 566 472 278 171 746 75 680 353 290 428 520 352 438 152 431 412 664 425 297 772 97 454 497 187 444 469 259 146 372 472 503 583 470 523 264 311 520 141 732 200 544 281 175 370 689 376 391 502 211 617 637 302 468 355 470 659 821 383 133 614 346 591 233 616 430 0 270 360 535 258 175 268 491 
511 371 550 837 872 374 769 616 404 46 125 454 690 330 120 313 547 723 856 1049 172 318 433 801 89 500 320 805 262 319 440 791 202 809 428 528 370 767 598 699 422 487 655 903 550 469 1039 174 688 765 141 491 344 526 210 271 653 727 323 472 508 521 572 277 287 985 349 761 379 440 124 901 613 617 233 66 863 642 418 717 107 339 825 897 156 389 851 616 766 441 882 280 270 0 571 660 446 159 57 296 
324 270 46 287 401 495 205 375 670 600 478 627 173 568 665 746 682 461 348 547 421 636 476 474 650 586 519 246 651 318 315 525 390 366 679 95 458 227 473 233 293 309 515 339 194 120 551 420 131 326 538 326 555 338 506 484 127 158 817 399 449 392 392 729 283 438 521 191 610 335 691 333 511 546 766 531 309 494 210 187 675 561 313 549 609 368 286 292 241 132 401 560 360 571 0 254 525 529 594 648 
192 289 298 439 607 707 246 164 870 700 540 844 131 764 774 727 911 217 212 713 488 594 702 720 719 816 472 389 636 342 548 274 533 150 884 344 391 408 723 467 521 201 768 443 113 241 728 558 323 556 680 208 496 586 671 466 152 298 819 280 305 638 643 723 409 565 726 284 812 569 783 349 761 795 798 643 448 286 247 393 766 505 189 299 635 589 402 545 164 320 600 531 535 660 254 0 751 677 700 617 
707 547 481 661 596 73 710 806 184 430 481 107 698 141 436 757 160 915 873 771 466 734 49 439 524 69 682 655 695 535 211 987 317 885 180 432 686 597 192 482 233 680 236 746 649 511 747 321 570 495 308 694 719 225 236 622 652 627 765 726 780 176 221 723 396 775 99 674 135 191 492 813 189 180 668 382 688 890 542 551 483 718 837 1047 593 162 705 340 766 430 614 672 258 446 525 751 0 289 412 721 
564 403 498 765 769 219 734 672 258 142 226 298 676 173 165 471 391 783 853 949 238 465 281 670 235 341 441 740 416 365 320 855 145 826 281 464 470 694 452 608 311 537 507 839 564 452 934 119 629 660 19 546 472 399 55 384 634 676 476 549 595 384 437 436 269 906 191 717 224 316 214 861 462 464 380 98 792 722 431 643 202 469 819 945 312 259 789 503 753 399 782 415 175 159 529 677 289 0 124 447 
559 413 569 850 873 342 795 665 354 18 176 410 722 288 74 356 502 773 892 1052 217 372 405 788 112 461 377 821 314 363 431 842 209 850 378 543 425 780 575 705 417 533 631 920 589 498 1040 179 706 765 105 539 401 515 179 327 684 748 353 524 562 504 556 320 312 996 313 784 333 429 102 926 586 588 256 62 877 695 455 729 86 396 860 945 208 375 868 612 799 462 884 336 268 57 594 700 412 124 0 350 
427 380 648 935 1023 648 807 505 700 334 243 745 699 620 386 111 838 585 829 1187 276 32 698 1006 264 781 145 893 41 330 654 640 417 746 724 648 226 873 844 843 628 415 903 981 534 528 1186 405 779 925 432 409 127 742 493 164 678 799 210 347 351 755 799 116 416 1085 630 818 671 662 348 936 866 878 231 350 957 472 441 828 340 118 805 767 142 624 929 803 766 547 1028 89 491 296 648 617 721 447 350 0 
1
1
1
1
1
1
1
1
1
1
1
1
1
1
1
1
1
1
1
1
1
1
1
1
1
1
1
1
1
1
