500
250
1
200
400

0 748 1187 398 580 168 969 129 795 362 882 1050 968 909 802 384 791 569 860 561 886 554 1030 306 219 199 98 959 851 962 629 500 1011 455 1088 832 742 567 507 1031 902 345 403 370 485 1096 321 973 859 878 744 395 1056 849 821 130 755 877 658 479 965 919 249 406 351 1114 1105 654 375 44 141 447 721 867 927 695 1242 1034 665 693 354 834 915 412 747 480 281 361 1182 535 807 837 594 1094 806 21 728 673 182 1126 95 897 478 811 863 490 647 962 577 612 355 348 242 960 918 888 650 442 951 638 916 730 801 1075 1049 914 837 1027 820 782 1084 415 475 417 1023 852 946 1134 285 194 1135 844 872 635 1133 835 540 453 716 1140 943 1051 593 546 856 701 459 766 1037 619 877 988 818 380 771 792 310 584 598 834 462 485 1013 225 1009 235 508 732 443 544 654 772 584 783 57 143 785 946 161 437 791 93 634 538 571 1072 730 630 705 1059 
748 0 874 668 978 581 610 834 163 602 1105 905 850 388 76 906 586 188 989 807 1166 867 1009 823 596 586 834 685 1203 659 885 973 798 357 889 786 971 296 425 645 1032 404 346 938 810 911 475 893 590 363 996 686 896 759 81 715 77 300 948 290 708 1109 776 348 431 934 882 394 429 728 845 347 949 1082 517 79 949 950 305 159 566 364 466 703 930 501 469 515 936 530 432 921 1033 714 409 744 635 135 733 890 705 1155 527 106 815 957 1080 689 397 191 909 545 522 475 1235 543 721 932 520 847 429 762 233 751 759 1061 111 700 860 488 745 351 659 331 1046 138 803 776 802 629 792 379 244 664 909 1049 584 395 466 837 676 720 741 937 406 1064 871 198 756 878 737 1068 226 524 1011 787 501 482 171 657 287 271 793 753 615 545 779 724 371 955 275 428 419 379 805 867 37 1044 840 311 1176 660 740 791 1046 711 830 127 934 1019 
1187 874 0 811 895 1087 268 1174 713 828 728 242 292 493 817 1011 399 860 591 735 814 797 409 998 971 998 1211 232 913 238 735 973 192 810 168 413 707 726 707 230 600 980 945 1065 815 186 899 331 339 513 736 821 223 373 836 1069 797 584 774 854 222 689 1008 921 895 191 135 584 860 1145 1176 832 704 710 357 824 75 323 634 741 834 511 408 813 652 711 998 833 104 653 461 536 953 167 480 1199 463 779 1035 115 1095 785 710 783 397 965 960 228 650 780 1043 841 986 407 888 347 580 983 355 688 448 516 641 127 140 625 803 181 491 440 130 886 732 957 472 776 281 105 998 993 84 497 648 570 130 702 649 783 499 47 247 158 653 881 469 877 898 678 150 739 328 547 650 811 725 461 897 612 827 354 944 881 187 1012 260 974 767 491 814 904 665 482 634 512 1218 1210 866 562 1149 948 942 1109 609 746 997 164 570 847 704 387 
398 668 811 0 316 362 627 363 628 77 535 655 574 645 687 258 432 493 480 190 565 220 634 203 215 253 403 592 570 603 273 305 627 316 698 435 386 381 256 688 525 383 403 304 151 703 247 576 506 620 398 18 662 456 713 269 633 650 324 395 594 562 198 382 284 721 717 375 264 354 365 332 362 516 610 591 859 636 434 540 116 569 616 36 374 183 345 167 795 198 509 447 366 743 518 414 349 543 227 739 303 566 161 679 466 290 416 595 314 480 275 141 288 667 620 556 253 270 638 262 635 332 597 709 677 542 712 667 424 458 722 354 80 427 631 712 555 773 195 219 770 574 673 244 744 481 172 274 398 765 577 690 197 273 574 418 202 580 665 263 490 604 620 149 422 395 221 266 499 459 456 426 629 201 673 256 140 337 303 289 444 472 305 507 417 399 696 564 338 438 529 341 237 166 377 717 336 544 345 663 
580 978 895 316 0 622 794 479 920 391 322 677 607 888 990 206 604 807 359 193 309 121 577 274 487 522 531 722 274 746 161 101 704 631 742 483 216 684 555 849 387 689 715 245 168 736 556 581 674 870 201 300 692 526 1017 464 936 915 127 710 713 368 335 695 596 746 770 640 579 545 473 647 207 314 811 900 919 622 717 840 430 819 836 280 257 479 641 482 842 463 741 380 64 883 757 601 499 849 408 794 505 323 453 978 498 103 102 723 599 788 242 455 576 886 338 746 350 148 840 210 866 388 877 827 785 386 1011 800 407 672 845 670 321 739 543 1008 614 893 296 473 881 820 950 392 791 288 413 587 629 854 709 818 285 43 811 120 130 868 772 158 578 481 901 465 227 435 528 527 811 593 771 742 710 362 843 542 203 424 618 36 734 708 582 756 568 499 1004 440 442 751 221 569 317 199 102 855 325 857 200 610 
168 581 1087 362 622 0 851 270 634 300 891 978 897 764 636 455 689 403 842 549 911 563 985 363 147 109 258 856 896 854 629 563 923 307 1006 768 744 418 384 912 887 178 237 460 489 1017 189 911 750 733 752 367 981 776 654 180 589 724 671 318 866 921 299 242 204 1037 1019 524 235 153 282 295 720 873 798 529 1147 974 521 533 275 692 780 389 736 378 117 258 1095 440 676 806 651 979 672 163 643 510 227 1038 149 916 384 646 801 549 706 859 449 451 437 258 101 822 956 768 597 506 821 623 776 676 645 968 947 904 671 917 776 662 975 256 426 250 988 687 869 1024 338 151 1028 703 714 569 1048 839 461 316 597 1040 840 942 554 582 717 740 493 609 937 619 795 965 662 283 778 734 190 475 434 741 294 321 923 269 888 117 497 667 297 588 506 642 460 646 225 297 618 926 288 270 843 85 589 525 640 959 694 464 703 1011 
969 610 268 627 794 851 0 976 450 624 728 335 315 241 556 861 198 593 583 608 811 679 487 827 750 773 1007 106 893 71 638 852 217 559 296 347 654 466 468 62 610 728 688 914 674 321 663 368 123 255 685 640 320 299 577 861 532 329 693 595 130 704 824 665 651 342 282 331 618 929 980 579 642 705 94 557 341 406 369 473 620 245 149 638 595 490 754 608 328 441 195 511 857 128 212 979 298 511 836 286 881 787 496 523 354 841 879 108 403 513 888 623 750 166 889 84 446 847 102 587 194 413 377 142 152 640 545 90 447 190 139 632 554 698 543 520 270 180 822 777 190 231 394 412 306 685 454 538 255 228 109 111 515 769 203 813 760 412 152 638 247 598 389 590 683 384 665 385 559 203 682 620 210 821 49 743 624 372 564 793 399 219 391 244 1007 1013 603 594 957 688 902 885 479 611 894 112 489 579 635 483 
129 834 1174 363 479 270 976 0 860 353 793 1015 933 947 881 275 787 649 788 496 788 474 975 214 252 251 51 951 744 959 553 391 990 510 1060 794 661 618 535 1038 827 435 490 251 412 1065 373 931 859 918 658 355 1023 818 902 125 831 927 571 551 955 834 174 487 412 1082 1080 681 427 120 12 508 641 781 945 773 1222 989 708 759 359 871 941 367 674 491 368 384 1158 535 831 775 484 1097 834 148 711 744 140 1102 129 801 481 886 823 382 536 955 606 680 242 362 313 988 813 899 611 334 972 570 949 688 856 1069 1038 837 914 1024 768 795 1080 487 443 508 961 926 917 1131 200 218 1129 879 930 607 1107 750 527 496 730 1127 936 1048 545 450 887 598 368 826 1026 543 853 918 876 395 685 751 354 594 674 820 552 564 992 163 1020 292 446 697 497 444 703 794 607 815 93 38 870 875 38 527 681 185 589 475 456 1073 675 711 627 1006 
795 163 713 628 920 634 450 860 0 573 1004 757 708 225 107 881 450 241 877 735 1071 802 873 808 610 610 870 531 1120 503 806 931 646 351 735 659 880 252 372 483 919 460 402 921 755 758 487 754 443 200 907 646 747 627 130 736 88 138 870 316 555 1001 771 393 449 781 727 289 434 767 869 352 859 980 357 135 788 808 203 102 543 206 305 659 832 446 517 498 778 457 283 806 979 551 259 795 516 126 741 734 735 1057 471 76 685 915 1021 535 321 183 891 527 554 312 1145 388 624 898 358 763 266 652 74 590 601 948 106 540 743 348 584 380 599 396 915 92 660 614 790 644 630 220 91 567 752 949 508 373 341 676 523 560 658 880 248 992 826 54 599 801 599 945 63 499 918 668 508 396 204 519 358 315 641 752 453 569 717 611 365 901 186 287 338 232 848 896 153 924 859 378 1102 703 648 723 998 549 726 190 845 880 
362 602 828 77 391 300 624 353 573 0 608 690 609 613 625 309 436 422 545 263 641 297 686 237 156 192 385 602 647 608 347 372 650 246 727 475 459 322 206 686 591 306 326 348 227 735 170 618 507 586 473 91 696 489 651 241 571 608 400 322 607 633 210 305 207 754 743 341 188 318 357 260 435 588 595 526 881 680 388 481 39 536 595 113 443 144 271 91 821 183 486 506 439 745 491 376 367 480 212 764 268 641 130 619 507 356 490 605 272 415 318 64 217 644 696 547 298 331 622 333 608 378 549 719 690 610 651 673 477 444 730 279 127 350 688 654 585 780 221 170 779 543 626 276 771 553 179 208 380 781 586 697 255 348 546 494 272 528 679 338 515 666 571 78 496 438 145 244 431 474 380 352 651 201 667 188 216 374 232 362 393 449 268 476 391 390 631 628 334 361 605 293 289 240 447 721 394 476 418 713 
882 1105 728 535 322 891 728 793 1004 608 0 486 445 899 1095 525 583 965 145 345 87 330 333 580 745 783 844 629 188 662 263 421 562 803 560 382 149 815 695 766 128 911 920 566 403 545 775 398 632 891 139 526 505 429 1123 756 1047 954 224 885 611 52 633 896 807 546 592 717 779 842 787 825 173 24 780 1027 728 408 807 950 644 847 822 504 177 629 879 688 648 583 757 217 345 775 779 902 494 970 701 614 797 59 604 1074 374 424 317 629 709 921 562 668 823 866 163 713 385 469 806 278 864 353 944 704 658 105 1107 697 282 681 724 863 492 944 279 1096 475 762 598 741 744 842 1006 441 603 57 530 756 667 698 622 706 376 344 824 223 425 950 646 272 481 201 967 664 113 353 752 623 956 536 965 920 569 657 772 790 395 397 794 354 833 735 686 792 878 815 1122 171 756 950 232 853 367 369 390 747 278 1000 190 364 
1050 905 242 655 677 978 335 1015 757 690 486 0 82 570 863 817 330 839 352 539 572 592 172 820 844 877 1057 233 672 267 521 764 118 743 74 220 477 686 625 344 358 905 883 871 624 61 800 96 315 578 504 661 20 202 887 923 830 653 552 805 208 447 842 857 807 70 107 542 771 1006 1015 767 477 469 422 840 247 84 617 752 706 554 477 648 424 604 908 720 167 540 475 303 731 324 499 1065 338 786 881 128 955 543 594 833 192 757 733 230 587 767 852 720 880 502 646 373 404 782 436 480 524 327 684 247 205 383 859 265 270 418 266 820 576 900 234 837 112 292 824 860 271 542 717 415 118 463 517 706 455 217 238 261 471 669 516 645 700 710 197 527 187 307 700 695 490 265 790 523 813 260 898 837 126 851 363 861 580 319 742 691 650 477 566 527 1072 1048 906 321 986 896 704 983 426 555 777 300 360 845 479 156 
968 850 292 574 607 897 315 933 708 609 445 82 0 536 813 740 266 773 303 461 531 517 173 740 763 796 976 209 626 244 449 691 118 669 136 139 415 618 550 338 318 829 809 794 546 134 721 53 266 540 443 579 90 121 838 842 777 613 484 734 185 411 761 783 729 149 164 475 694 925 933 693 413 425 392 782 313 101 555 694 625 510 445 567 360 525 830 640 236 461 425 244 663 335 450 983 260 727 800 187 873 503 515 784 113 683 668 207 516 703 774 640 801 476 608 335 323 706 410 405 492 247 636 261 215 346 812 262 200 362 281 746 494 826 228 792 48 317 744 779 300 500 676 333 184 414 437 630 391 257 207 266 391 596 474 584 624 659 203 454 116 287 654 615 433 185 711 448 749 195 826 767 126 770 351 781 500 237 667 619 588 423 494 476 991 967 854 290 905 823 651 901 346 476 708 307 285 782 413 174 
909 388 493 645 888 764 241 947 225 613 899 570 536 0 325 901 316 422 760 695 976 767 708 845 700 711 968 337 1043 304 749 923 453 457 536 524 797 346 414 263 795 608 557 949 739 560 588 586 276 32 827 662 557 482 343 823 312 91 811 461 362 886 823 540 561 582 523 272 535 874 954 469 780 875 148 350 568 633 244 280 595 77 93 668 742 469 652 564 565 448 148 686 951 329 131 914 411 318 814 526 833 956 487 292 542 909 984 340 343 345 920 587 670 87 1054 201 551 903 141 700 47 552 159 374 392 826 310 328 620 222 366 514 591 559 758 283 488 392 833 731 409 71 155 500 546 850 486 457 259 459 333 345 605 855 78 936 821 201 392 747 441 802 162 554 832 547 600 379 385 369 531 475 446 812 233 674 693 507 468 878 259 180 346 138 956 985 375 790 937 544 1038 818 581 690 980 329 631 390 769 709 
802 76 817 687 990 636 556 881 107 625 1095 863 813 325 0 933 553 234 972 812 1160 875 977 854 637 631 884 637 1203 610 886 992 753 386 842 760 966 306 435 587 1015 458 400 969 823 865 514 858 549 303 992 705 853 729 28 760 54 235 950 331 661 1095 811 397 472 887 833 378 464 779 891 381 945 1071 462 108 892 914 288 150 591 312 409 721 921 511 521 543 883 532 389 903 1047 653 365 799 613 145 773 840 753 1146 537 34 787 977 1092 641 396 210 939 572 569 412 1231 494 712 955 462 845 369 746 180 695 707 1044 36 646 840 452 688 394 668 388 1017 62 765 716 834 671 733 326 175 655 859 1040 585 418 439 781 630 665 739 949 354 1069 889 154 705 880 703 1045 167 548 1005 766 538 477 208 623 345 318 747 789 556 590 788 706 400 969 263 391 415 337 858 915 51 1023 885 368 1181 712 734 798 1063 653 818 172 930 984 
384 906 1011 258 206 455 861 275 881 309 525 817 740 901 933 0 664 722 541 279 514 230 746 93 341 370 327 810 469 827 309 117 819 550 874 603 403 631 511 921 575 560 598 55 196 873 441 726 739 877 395 240 829 638 958 280 879 908 311 619 806 569 156 584 485 887 899 632 479 352 268 560 387 515 856 832 1047 776 692 789 342 826 868 233 428 440 502 391 975 453 762 543 210 968 773 405 567 788 228 922 320 529 419 928 627 107 263 812 572 723 38 361 434 919 538 798 432 59 885 340 889 496 854 924 886 579 960 888 552 705 939 566 313 621 721 963 735 990 118 317 982 830 930 452 923 486 419 515 650 966 795 909 358 181 829 323 118 835 873 300 683 668 877 385 422 555 413 522 735 674 660 645 823 186 909 400 244 520 535 171 699 726 562 764 366 293 937 626 237 637 407 388 402 265 188 941 459 779 375 778 
791 586 399 432 604 689 198 787 450 436 583 330 266 316 553 664 0 509 445 414 661 486 424 631 573 600 821 168 730 172 452 657 243 423 334 213 485 357 311 258 482 590 562 717 477 351 502 307 75 309 516 445 325 177 579 676 514 376 511 479 177 571 630 536 499 374 340 212 464 749 791 445 470 560 209 516 459 366 289 429 438 268 242 442 429 313 603 435 412 256 177 371 667 311 201 803 105 461 647 357 700 641 313 526 236 645 693 171 263 438 690 444 588 289 738 142 254 650 237 401 281 239 381 283 259 512 556 237 305 103 294 500 358 576 464 538 221 344 626 597 344 261 432 216 369 534 261 390 125 351 152 261 321 576 241 634 563 399 248 451 152 497 402 413 519 231 499 214 483 72 571 510 242 629 246 575 427 194 424 600 322 163 243 220 825 824 592 480 766 571 731 711 287 416 702 286 318 516 461 433 
569 188 860 493 807 403 593 649 241 422 965 839 773 422 234 722 509 0 861 647 1018 701 916 638 408 399 651 643 1045 626 728 794 746 177 838 684 824 158 270 642 907 225 167 753 639 857 288 808 537 391 846 510 834 667 254 529 187 357 790 103 663 975 589 163 244 880 839 298 243 545 659 163 801 942 512 126 931 870 227 147 385 367 473 529 788 340 287 333 903 382 398 799 859 714 382 566 530 115 545 851 520 1010 366 243 716 778 908 648 267 80 724 363 336 500 1084 513 585 751 525 695 451 639 273 732 729 933 268 679 744 429 732 163 494 157 945 284 730 772 616 442 783 382 329 531 867 908 435 220 384 817 631 702 591 765 405 900 694 230 723 721 657 955 282 345 864 675 314 351 38 580 118 84 743 566 613 358 613 607 190 781 196 379 291 349 624 682 222 926 653 138 1013 478 599 629 869 704 698 62 784 932 
860 989 591 480 359 842 583 788 877 545 145 352 303 760 972 541 445 861 0 299 230 316 221 575 695 732 837 484 323 517 236 458 419 709 425 239 143 706 594 621 47 835 836 590 377 413 703 260 490 754 163 476 371 285 1000 730 926 819 234 789 465 126 618 811 729 416 457 595 698 818 785 732 155 124 637 911 598 281 686 831 577 711 680 455 114 535 812 614 518 482 621 74 403 631 644 879 362 854 678 480 769 205 513 950 229 455 393 484 597 810 579 599 762 723 308 570 277 492 662 222 723 226 814 560 514 72 982 552 140 545 580 776 420 858 183 968 331 620 588 697 603 705 873 330 470 111 432 663 537 559 476 562 292 366 686 301 427 824 502 245 336 129 836 588 143 214 683 511 848 394 874 824 427 637 627 733 352 267 702 383 714 601 574 658 865 816 1003 87 753 863 351 817 269 322 451 603 164 891 166 255 
561 807 735 190 193 549 608 496 735 263 345 539 461 695 812 279 414 647 299 0 380 73 480 288 402 440 543 544 398 564 85 245 543 475 595 325 196 511 382 665 342 568 581 333 86 595 431 448 486 677 210 182 550 361 839 431 759 724 143 557 537 372 322 558 465 608 620 451 440 519 493 495 173 326 620 728 769 501 532 662 300 626 643 160 188 308 534 346 696 280 547 280 257 705 564 580 310 674 379 644 470 378 281 797 348 234 290 546 416 617 313 325 477 693 440 555 163 249 649 77 673 219 689 654 614 357 831 622 277 479 671 527 154 605 465 825 457 720 297 401 711 627 761 200 644 291 227 429 436 691 530 642 93 162 618 258 163 683 601 76 409 427 713 323 233 277 407 340 645 410 630 591 547 340 657 445 53 247 464 186 551 515 398 564 568 526 830 385 463 614 369 519 130 24 289 677 183 690 155 511 
886 1166 814 565 309 911 811 788 1071 641 87 572 531 976 1160 514 661 1018 230 380 0 349 417 581 768 805 840 714 107 747 295 403 648 851 647 465 195 872 749 851 215 947 961 549 423 631 811 485 713 967 172 555 592 512 1187 765 1110 1028 242 933 696 129 638 938 845 631 679 783 820 849 781 872 217 107 861 1087 814 494 872 1013 679 921 901 532 239 679 910 726 733 638 832 300 316 861 854 907 568 1031 709 700 806 31 653 1140 458 409 277 714 769 979 550 704 851 946 78 793 448 456 887 323 942 426 1014 790 744 190 1173 783 364 756 810 907 533 985 360 1163 561 848 601 760 831 917 1078 504 689 127 584 804 738 785 706 792 427 340 900 193 428 1018 732 304 565 281 1037 703 155 433 786 684 1012 617 1009 968 656 664 856 817 425 470 841 344 897 809 747 865 877 807 1185 255 750 993 163 867 426 402 357 833 348 1057 234 447 
554 867 797 220 121 563 679 474 802 297 330 592 517 767 875 230 486 701 316 73 349 0 516 260 419 457 524 612 349 634 80 177 605 526 652 385 189 571 441 735 354 603 622 282 74 649 467 499 558 749 191 208 605 424 902 427 822 794 108 607 605 366 306 601 504 662 678 520 483 513 470 544 168 314 692 788 828 547 599 725 336 698 715 185 202 366 563 386 753 345 620 313 184 774 636 574 382 735 372 702 467 353 340 861 404 168 220 614 481 676 267 361 502 766 400 628 233 190 721 112 745 282 758 721 680 363 895 691 324 551 738 572 208 647 493 891 517 787 274 412 777 698 830 272 701 281 294 481 508 754 599 709 166 90 690 200 113 750 667 71 474 445 781 366 218 336 441 407 701 480 675 640 610 329 728 468 88 314 514 114 617 587 464 635 554 500 891 402 438 657 312 523 201 79 216 745 232 747 153 549 
1030 1009 409 634 577 985 487 975 873 686 333 172 173 708 977 746 424 916 221 480 417 516 0 767 842 878 1022 381 521 417 437 672 279 793 244 233 362 759 672 506 210 943 931 797 565 224 822 122 435 711 383 636 192 251 1002 900 938 784 450 865 357 288 801 905 838 219 276 623 804 987 973 817 370 320 565 938 399 89 708 851 710 679 618 618 321 632 933 735 320 570 593 203 623 493 617 1048 387 882 852 294 936 386 617 949 201 668 614 379 651 852 783 729 894 649 486 507 388 701 584 408 664 309 802 416 373 228 978 428 210 525 436 867 561 950 63 959 221 464 777 851 443 670 846 421 280 322 533 750 544 388 381 428 438 579 645 521 629 823 364 445 274 139 821 709 364 254 807 573 895 354 956 899 287 816 522 870 529 325 789 598 740 586 628 641 1044 1005 1015 162 942 950 561 975 398 500 671 468 301 932 377 34 
306 823 998 203 274 363 827 214 808 237 580 820 740 845 854 93 631 638 575 288 581 260 767 0 249 277 264 786 547 799 340 201 809 468 871 601 447 556 442 889 614 468 508 115 202 873 353 733 706 819 445 188 830 631 878 192 800 844 358 534 786 621 64 495 398 889 894 573 394 270 210 477 427 567 813 751 1040 787 625 713 265 769 819 189 461 377 409 312 971 400 712 566 292 941 720 327 541 709 138 917 233 592 358 850 628 188 347 789 507 644 86 282 342 870 613 758 420 143 841 360 837 493 786 903 868 622 882 863 564 661 916 479 273 531 750 887 729 967 25 224 962 774 862 429 919 536 375 437 601 952 771 885 350 240 775 395 155 764 855 330 671 704 808 309 472 555 325 468 652 651 570 559 812 94 874 308 241 510 454 238 630 675 501 707 297 241 855 662 178 547 488 299 395 268 277 915 470 696 413 799 
219 596 971 215 487 147 750 252 610 156 745 844 763 700 637 341 573 408 695 402 768 419 842 249 0 38 268 741 758 743 482 438 798 259 878 630 597 366 291 812 740 220 263 359 345 887 123 773 641 670 607 220 849 643 659 127 585 676 526 307 748 774 191 253 165 907 893 438 176 179 260 259 574 727 709 530 1027 836 458 509 139 623 699 242 588 262 161 142 970 318 591 660 522 875 591 229 515 497 137 913 134 772 260 639 663 424 576 745 362 431 332 129 93 745 815 670 455 384 734 476 704 534 604 857 832 757 669 808 633 563 866 245 281 286 843 678 738 916 224 34 917 633 679 431 921 692 328 245 497 923 725 833 409 445 642 602 358 574 821 472 666 818 624 161 632 594 102 365 430 619 327 325 799 163 791 59 350 530 245 453 452 555 366 570 259 288 630 779 249 303 708 139 444 378 516 853 548 470 557 869 
199 586 998 253 522 109 773 251 610 192 783 877 796 711 631 370 600 399 732 440 805 457 878 277 38 0 260 768 794 769 520 471 828 262 909 664 635 372 308 834 777 197 246 384 383 919 125 808 666 681 644 258 881 675 652 130 580 683 564 300 776 812 216 239 161 938 923 455 179 163 261 258 612 765 728 523 1056 870 468 509 171 636 715 280 626 287 134 165 1000 346 608 697 556 899 607 207 546 493 155 943 125 809 288 635 697 456 610 771 378 429 359 158 68 761 852 691 490 416 752 514 718 570 609 882 859 795 663 833 669 584 891 237 318 267 880 675 770 941 252 53 943 646 682 465 952 730 360 255 519 951 752 858 446 481 657 638 393 577 848 510 697 856 628 187 670 629 111 389 423 648 309 315 829 188 812 41 388 564 249 488 459 573 385 584 245 286 621 816 254 285 743 112 481 416 548 878 585 461 595 905 
98 834 1211 403 531 258 1007 51 870 385 844 1057 976 968 884 327 821 651 837 543 840 524 1022 264 268 260 0 987 795 993 603 442 1029 522 1101 837 711 632 557 1069 877 431 488 301 461 1106 385 975 892 938 709 396 1065 859 904 147 835 943 622 556 991 885 221 488 421 1124 1120 704 440 106 59 518 691 831 972 776 1261 1033 726 768 387 891 965 410 724 519 365 406 1198 567 856 823 535 1130 858 113 748 751 177 1142 136 853 511 891 866 434 586 990 628 687 293 387 316 1012 865 929 653 386 998 619 971 731 869 1104 1075 887 918 1058 814 823 1115 492 483 504 1009 931 958 1166 249 237 1164 901 943 647 1147 801 563 513 758 1164 971 1082 590 501 909 649 419 837 1063 593 892 967 888 421 736 794 369 623 678 857 548 566 1031 207 1050 301 493 739 509 495 719 820 632 837 48 47 870 925 89 524 731 175 633 522 506 1106 721 713 677 1052 
959 685 232 592 722 856 106 951 531 602 629 233 209 337 637 810 168 643 484 544 714 612 381 786 741 768 987 0 799 35 563 789 117 581 204 254 566 502 475 137 509 750 717 864 617 227 668 262 109 346 596 604 220 206 660 843 608 421 613 629 25 604 790 693 663 250 198 357 628 917 954 602 556 608 189 625 296 300 416 538 605 325 244 598 507 480 767 602 259 424 254 414 784 162 276 970 245 575 811 208 867 689 481 606 256 778 801 4 420 566 839 612 754 270 792 143 381 790 204 512 291 335 457 117 92 539 631 79 353 215 130 657 515 730 437 608 164 181 783 764 178 313 485 359 225 589 424 552 270 185 16 99 454 701 285 729 702 487 83 564 151 493 472 581 593 296 666 380 613 136 720 657 111 792 145 743 567 299 584 725 448 265 403 307 992 988 682 490 929 722 813 879 413 550 824 133 405 639 551 377 
851 1203 913 570 274 896 893 744 1120 647 188 672 626 1043 1203 469 730 1045 323 398 107 349 521 547 758 794 795 799 0 831 318 353 742 873 746 546 246 907 779 936 315 952 972 496 420 732 816 582 788 1031 216 556 691 595 1230 738 1151 1088 255 954 783 235 608 950 854 733 778 831 832 817 736 892 264 203 936 1123 916 596 917 1054 686 983 973 534 301 705 909 735 835 673 896 387 260 951 916 873 632 1069 682 800 779 138 679 1186 544 362 210 799 808 1013 502 711 845 1019 74 867 499 410 962 358 1011 492 1067 882 836 293 1219 871 447 821 902 921 551 996 466 1211 653 942 570 745 925 980 1134 554 790 212 619 827 795 882 790 882 463 313 966 156 403 1066 824 325 648 387 1090 715 211 509 789 726 1042 694 1024 988 749 636 939 811 435 537 861 310 940 870 787 924 835 759 1224 359 706 1006 69 843 472 417 293 923 412 1088 276 552 
962 659 238 603 746 854 71 959 503 608 662 267 244 304 610 827 172 626 517 564 747 634 417 799 743 769 993 35 831 0 587 810 149 572 233 284 595 489 471 106 543 742 707 880 635 257 665 297 103 315 626 615 253 236 632 848 583 390 639 616 60 637 801 683 658 279 223 346 623 920 963 593 585 640 156 602 307 335 399 516 609 297 211 611 536 482 762 603 279 428 231 446 808 142 252 973 260 553 819 231 871 722 484 578 288 798 827 38 412 548 855 614 752 235 825 117 402 809 169 536 258 360 430 115 103 573 602 65 384 202 122 648 527 718 472 578 199 173 796 768 174 284 455 375 249 621 433 546 261 193 40 89 474 723 256 757 721 462 98 589 182 528 444 582 623 325 665 380 594 154 706 644 142 801 110 742 585 322 576 747 431 247 397 284 997 996 656 525 938 710 843 881 434 570 847 115 433 618 579 412 
629 885 735 273 161 629 638 553 806 347 263 521 449 749 886 309 452 728 236 85 295 80 437 340 482 520 603 563 318 587 0 242 544 558 584 323 115 589 461 691 274 653 666 360 145 580 516 427 520 733 126 264 535 366 914 501 834 785 64 640 553 293 384 643 550 591 612 519 525 588 549 578 92 244 661 806 761 472 603 737 385 684 689 241 122 388 618 430 685 355 601 235 222 724 619 649 347 751 447 636 541 294 363 870 339 236 241 564 491 695 346 409 560 739 356 594 199 265 689 51 723 228 756 667 624 285 904 641 251 528 684 612 238 690 413 897 454 732 353 479 721 683 826 249 633 210 301 512 493 694 550 658 149 148 671 188 193 753 611 10 418 365 780 408 150 274 492 410 725 435 714 675 549 405 687 528 133 266 548 170 624 571 471 622 632 580 907 322 518 698 296 594 168 107 263 695 165 771 76 470 
500 973 973 305 101 563 852 391 931 372 421 764 691 923 992 117 657 794 458 245 403 177 672 201 438 471 442 789 353 810 242 0 781 618 826 561 315 686 559 910 487 652 685 147 184 822 525 669 731 902 301 288 777 601 1019 393 938 941 223 693 782 468 265 668 568 833 853 663 556 468 383 631 303 414 860 896 1003 713 733 845 410 851 879 272 351 484 598 462 927 482 779 473 93 950 792 522 555 848 339 877 433 419 460 983 579 16 147 790 612 785 149 433 531 930 423 797 408 58 889 286 906 459 895 898 857 487 1017 867 494 714 915 646 336 709 641 1016 693 964 225 418 954 853 971 442 875 389 438 578 665 931 775 886 337 95 848 210 105 882 844 237 651 581 919 450 327 512 496 550 802 655 744 722 787 294 901 496 232 491 604 74 746 744 599 788 482 407 1001 539 353 723 291 500 376 242 78 922 406 848 295 706 
1011 798 192 627 704 923 217 990 646 650 562 118 118 453 753 819 243 746 419 543 648 605 279 809 798 828 1029 117 742 149 544 781 0 666 92 221 523 598 553 228 436 833 805 874 624 113 738 168 210 462 553 635 104 181 776 889 722 537 585 721 92 529 822 780 740 136 97 451 704 968 991 689 518 542 305 736 233 193 520 648 660 441 360 626 466 544 843 665 172 483 366 356 763 218 389 1025 283 684 852 116 917 621 540 722 208 773 773 113 506 670 852 670 823 383 725 259 389 791 318 496 407 324 572 143 97 464 747 149 305 318 163 743 547 820 338 724 92 201 809 818 184 429 602 383 126 529 471 633 363 150 123 150 462 689 402 692 706 601 86 548 138 403 588 641 544 270 733 453 717 182 814 752 8 827 246 807 575 300 667 712 553 373 486 419 1039 1025 797 407 964 814 764 937 417 554 806 191 379 746 517 269 
455 357 810 316 631 307 559 510 351 246 803 743 669 457 386 550 423 177 709 475 851 526 793 468 259 262 522 581 873 572 558 618 666 0 756 560 659 112 121 617 756 170 140 583 463 771 137 696 472 426 679 333 741 553 410 385 332 422 619 82 595 818 425 114 105 793 763 228 83 423 519 24 635 781 497 283 876 760 213 251 209 384 475 352 627 175 198 158 834 229 374 653 683 686 367 458 411 242 391 779 387 845 199 384 593 602 732 585 161 176 554 188 214 515 914 475 432 576 518 529 469 497 347 686 672 781 415 633 604 372 690 77 321 158 813 422 631 737 448 293 743 396 421 384 792 746 277 47 311 764 566 658 428 588 411 726 517 316 663 550 555 813 366 168 698 542 157 222 185 487 165 117 665 404 591 222 439 471 15 605 200 343 179 340 505 546 387 781 508 157 839 363 441 456 692 669 546 230 618 813 
1088 889 168 698 742 1006 296 1060 735 727 560 74 136 536 842 874 334 838 425 595 647 652 244 871 878 909 1101 204 746 233 584 826 92 756 0 271 546 690 641 293 432 922 895 928 679 26 824 166 302 548 574 705 55 242 864 964 812 622 618 813 181 521 889 870 827 46 32 543 791 1045 1061 779 546 543 387 827 177 156 612 740 739 529 443 694 492 629 930 748 101 566 457 373 798 262 480 1102 364 776 924 54 994 617 622 810 248 818 801 200 597 763 908 751 907 461 720 347 451 841 397 541 489 379 661 186 150 457 835 215 335 410 204 833 618 911 306 811 143 223 874 896 201 517 687 454 49 536 550 722 455 144 213 206 521 732 489 716 758 691 146 590 212 380 676 724 561 319 817 540 809 270 905 844 96 897 316 890 633 363 757 754 645 465 577 510 1113 1095 887 395 1033 905 777 1017 477 609 843 241 420 838 547 225 
832 786 413 435 483 768 347 794 659 475 382 220 139 524 760 603 213 684 239 325 465 385 233 601 630 664 837 254 546 284 323 561 221 560 271 0 312 526 439 390 272 713 699 658 409 272 597 143 251 520 343 441 229 48 787 704 718 588 366 631 239 364 622 672 610 288 295 394 575 788 794 584 304 360 398 712 444 207 482 627 494 480 442 428 254 403 707 513 371 340 390 166 543 411 414 847 155 656 661 319 737 441 390 734 34 552 554 254 418 622 637 509 673 484 543 331 184 572 423 275 486 108 592 348 304 302 765 328 101 315 366 635 357 718 261 749 132 412 605 644 399 473 645 199 319 339 308 518 321 371 244 342 251 468 452 478 488 607 290 326 102 285 613 487 339 49 584 340 664 156 723 666 227 631 393 651 362 101 557 491 514 375 395 432 853 828 795 268 765 717 559 767 207 339 585 382 158 703 300 253 
742 971 707 386 216 744 654 661 880 459 149 477 415 797 966 403 485 824 143 196 195 189 362 447 597 635 711 566 246 595 115 315 523 659 546 312 0 678 554 701 172 763 773 450 259 537 627 381 545 785 31 378 493 360 994 615 916 843 93 741 551 178 495 749 658 544 577 591 632 701 656 680 24 130 692 892 723 414 679 819 496 738 728 356 59 485 730 539 644 443 650 174 261 723 671 762 386 836 560 600 655 186 460 948 317 313 256 566 574 784 441 520 674 775 265 624 256 352 719 130 766 247 824 658 613 177 981 641 218 575 677 717 344 796 326 971 432 721 462 594 707 735 890 312 594 95 390 612 551 671 555 654 233 225 720 169 294 826 600 125 415 266 847 516 40 270 603 490 817 452 818 775 530 517 701 642 247 291 649 241 703 624 553 679 742 686 991 224 624 804 248 709 232 220 309 694 168 862 41 396 
567 296 726 381 684 418 466 618 252 322 815 686 618 346 306 631 357 158 706 511 872 571 759 556 366 372 632 502 907 489 589 686 598 112 690 526 678 0 130 521 751 267 223 669 517 708 247 652 393 315 701 399 682 510 333 493 253 311 652 129 519 823 519 201 216 730 693 146 193 534 626 123 655 792 397 217 795 714 104 159 292 275 369 414 639 206 306 247 760 235 275 643 741 592 264 570 372 164 493 707 496 863 232 298 558 670 786 506 110 107 640 276 326 408 941 383 432 650 416 552 360 483 238 600 591 779 331 546 587 287 602 171 363 232 786 332 576 646 538 400 654 287 313 377 722 759 289 123 234 681 489 571 446 644 303 768 582 210 584 582 502 798 258 248 717 517 264 195 142 427 218 155 595 502 494 333 484 449 124 662 88 247 133 235 616 654 320 769 613 222 880 474 449 495 757 578 544 185 639 774 
507 425 707 256 555 384 468 535 372 206 695 625 550 414 435 511 311 270 594 382 749 441 672 442 291 308 557 475 779 471 461 559 553 121 641 439 554 130 0 528 640 281 260 553 387 656 195 575 368 385 577 274 624 432 462 412 382 403 524 196 487 706 413 234 188 677 650 147 153 469 541 145 531 672 419 346 770 639 182 286 183 337 408 288 518 76 292 151 723 113 300 535 612 595 301 515 290 294 400 667 425 740 102 425 472 544 657 479 71 235 523 174 283 455 815 385 317 526 444 426 414 378 344 586 567 666 458 534 484 278 592 197 234 279 692 457 513 640 427 321 644 345 420 266 679 638 165 81 213 660 460 559 322 514 352 639 455 325 558 454 437 695 366 141 594 421 199 102 264 372 285 231 552 400 505 277 354 350 118 533 189 264 77 280 550 572 449 663 524 278 751 420 329 366 629 575 431 309 515 692 
1031 645 230 688 849 912 62 1038 483 686 766 344 338 263 587 921 258 642 621 665 851 735 506 889 812 834 1069 137 936 106 691 910 228 617 293 390 701 521 528 0 645 785 744 974 733 318 723 391 183 283 731 702 327 342 606 923 568 354 744 650 156 740 886 722 711 338 273 389 677 991 1042 636 690 744 131 597 305 421 422 516 682 284 179 700 642 552 813 670 305 503 247 551 911 72 261 1040 356 555 898 272 943 826 558 553 393 898 931 137 463 562 948 685 811 179 929 144 502 906 125 640 218 464 412 114 142 675 573 79 489 250 103 689 616 753 564 546 297 131 883 839 147 269 419 471 292 726 516 598 316 197 146 88 573 825 242 862 819 450 147 692 288 625 420 652 728 430 726 447 607 256 735 673 220 883 30 804 682 425 623 849 450 275 452 293 1069 1076 636 624 1019 742 949 946 535 669 950 66 538 625 684 497 
902 1032 600 525 387 887 610 827 919 591 128 358 318 795 1015 575 482 907 47 342 215 354 210 614 740 777 877 509 315 543 274 487 436 756 432 272 172 751 640 645 0 882 883 623 418 417 749 271 523 790 186 520 377 316 1042 772 969 857 265 835 489 95 658 858 775 418 464 638 745 860 824 779 188 112 669 955 601 281 729 874 623 749 714 499 155 582 858 660 520 528 658 112 426 651 682 921 403 898 719 486 812 186 560 992 257 485 410 508 642 855 613 646 808 755 290 603 324 524 693 265 757 270 855 578 532 31 1024 574 177 583 598 822 466 905 162 1010 351 635 628 741 617 743 912 376 475 113 479 709 578 570 503 582 339 397 722 316 463 865 520 284 365 94 877 635 162 252 729 557 893 427 921 871 443 678 653 778 395 309 748 413 758 640 619 698 906 854 1046 53 792 909 352 861 316 366 473 623 210 936 201 242 
345 404 980 383 689 178 728 435 460 306 911 905 829 608 458 560 590 225 835 568 947 603 943 468 220 197 431 750 952 742 653 652 833 170 922 713 763 267 281 785 882 0 59 579 532 936 137 852 641 576 778 395 905 710 476 323 412 559 706 149 764 933 410 69 106 958 930 397 139 325 446 149 739 890 663 351 1045 916 371 360 268 540 637 418 741 310 66 223 1002 373 540 786 731 855 531 341 569 335 352 947 306 946 327 469 746 636 784 754 330 279 552 244 130 674 1003 643 565 600 683 634 626 637 478 856 841 904 493 803 744 541 860 96 420 73 957 509 793 906 444 248 913 553 543 524 959 855 411 200 480 934 735 827 543 646 571 798 563 439 833 644 718 948 492 248 800 689 162 383 257 652 117 145 832 383 758 161 522 618 166 658 351 510 348 502 401 466 440 913 445 93 908 256 567 546 730 838 675 286 721 964 
403 346 945 403 715 237 688 490 402 326 920 883 809 557 400 598 562 167 836 581 961 622 931 508 263 246 488 717 972 707 666 685 805 140 895 699 773 223 260 744 883 59 0 621 553 911 160 835 608 525 790 417 882 692 418 374 353 505 722 97 732 939 453 26 119 933 902 361 141 382 500 117 749 899 619 292 1012 899 325 303 286 491 590 438 747 303 122 237 972 362 497 783 760 815 487 400 550 277 399 918 360 958 323 410 732 669 812 721 299 222 593 261 179 626 1020 604 562 635 638 643 577 630 422 819 808 906 435 766 737 505 823 63 429 24 948 451 771 868 485 294 875 504 486 516 931 864 406 180 447 899 703 791 547 672 523 820 592 383 800 657 696 945 436 258 811 678 188 362 199 627 64 87 804 427 717 207 538 607 142 685 302 469 319 457 459 521 383 911 498 39 931 314 567 560 762 800 674 228 732 951 
370 938 1065 304 245 460 914 251 921 348 566 871 794 949 969 55 717 753 590 333 549 282 797 115 359 384 301 864 496 880 360 147 874 583 928 658 450 669 553 974 623 579 621 0 250 928 467 780 791 924 441 287 883 693 993 281 915 953 358 649 861 612 169 608 512 941 953 679 509 343 242 592 435 557 907 866 1102 829 735 827 378 873 918 282 479 484 518 426 1029 501 811 595 237 1022 821 391 620 824 234 977 317 566 464 965 681 142 286 866 616 758 30 396 451 969 567 850 486 99 936 394 938 551 896 978 941 626 996 942 605 756 993 594 364 644 771 1001 790 1044 137 332 1037 878 973 506 977 530 469 551 699 1021 849 963 413 226 877 356 171 876 928 352 738 717 919 422 467 610 440 570 767 728 684 674 878 197 962 418 299 575 569 212 741 775 608 811 344 263 970 674 214 660 431 387 457 320 205 995 512 811 424 830 
485 810 815 151 168 489 674 412 755 227 403 624 546 739 823 196 477 639 377 86 423 74 565 202 345 383 461 617 420 635 145 184 624 463 679 409 259 517 387 733 418 532 553 250 0 679 396 534 551 718 264 137 635 443 850 356 769 759 182 543 613 437 241 532 434 693 704 481 415 444 409 480 237 386 677 732 852 587 554 674 267 667 695 115 263 311 490 317 780 301 594 364 224 777 608 504 377 681 302 727 396 427 286 811 433 171 270 619 434 620 229 292 428 746 473 616 237 173 706 158 721 301 716 730 692 430 845 695 363 530 746 505 156 577 548 843 540 796 213 338 788 669 790 262 728 353 255 419 481 771 603 716 163 127 664 267 86 705 679 135 488 506 739 299 290 361 369 367 642 482 607 575 628 260 723 395 50 325 451 146 569 560 419 604 488 441 836 464 378 588 378 450 207 70 245 749 269 688 220 597 
1096 911 186 703 736 1017 321 1065 758 735 545 61 134 560 865 873 351 857 413 595 631 649 224 873 887 919 1106 227 732 257 580 822 113 771 26 272 537 708 656 318 417 936 911 928 679 0 836 156 323 572 564 710 45 247 888 970 835 647 612 830 204 505 893 886 840 23 53 562 805 1052 1065 795 538 528 412 849 186 138 632 762 748 553 468 698 484 640 943 759 106 577 479 364 791 287 502 1110 374 797 930 71 1001 601 633 834 247 815 793 224 613 783 908 761 919 486 704 371 455 839 422 538 514 380 685 212 176 441 859 240 329 430 230 849 624 927 286 835 150 247 877 904 225 540 712 461 58 523 559 736 474 166 235 232 524 728 513 706 757 714 172 586 222 362 699 734 551 319 828 554 829 285 922 861 118 901 341 901 634 367 772 750 665 486 592 532 1120 1099 909 378 1037 922 764 1026 479 610 837 266 417 858 540 203 
321 475 899 247 556 189 663 373 487 170 775 800 721 588 514 441 502 288 703 431 811 467 822 353 123 125 385 668 816 665 516 525 738 137 824 597 627 247 195 723 749 137 160 467 396 836 0 739 562 557 641 259 801 600 537 249 462 558 570 185 678 798 302 143 45 857 835 337 54 287 382 135 602 755 612 408 960 803 344 386 132 513 596 282 606 196 111 89 910 260 490 657 600 790 487 326 462 373 259 854 250 810 207 516 630 509 652 671 261 308 439 107 88 640 866 580 438 476 635 498 596 514 484 780 760 771 545 729 619 473 787 127 285 184 832 555 689 835 330 157 839 523 558 401 864 720 289 131 408 852 652 754 410 513 535 663 432 453 749 507 614 819 503 115 664 568 28 288 307 556 220 207 738 278 700 87 386 499 124 525 334 456 272 463 370 409 509 782 372 198 773 230 437 409 602 770 545 348 585 846 
973 893 331 576 581 911 368 931 754 618 398 96 53 586 858 726 307 808 260 448 485 499 122 733 773 808 975 262 582 297 427 669 168 696 166 143 381 652 575 391 271 852 835 780 534 156 739 0 314 589 408 581 112 143 883 845 820 663 456 764 238 363 758 809 750 165 197 512 715 930 931 720 381 380 444 823 342 64 595 736 637 558 496 566 328 544 849 656 263 481 472 208 636 386 497 989 285 768 801 220 878 456 532 830 111 663 637 260 547 741 761 653 816 529 560 385 323 689 463 387 543 244 682 311 266 298 858 315 176 406 331 772 498 854 175 839 99 366 738 787 347 548 724 343 213 371 451 655 430 300 260 318 386 574 523 550 609 704 255 433 156 234 701 630 395 182 727 474 785 236 856 797 176 769 405 794 491 244 693 596 627 467 524 521 993 964 898 239 901 852 611 910 342 465 682 359 267 821 384 126 
859 590 339 506 674 750 123 859 443 507 632 315 266 276 549 739 75 537 490 486 713 558 435 706 641 666 892 109 788 103 520 731 210 472 302 251 545 393 368 183 523 641 608 791 551 323 562 314 0 276 576 519 306 207 574 747 515 349 577 520 126 615 704 583 556 346 302 248 521 818 863 493 532 609 148 526 405 366 310 439 507 244 191 517 488 379 659 500 367 326 160 416 738 238 185 870 176 474 719 314 769 691 382 519 267 718 762 113 311 461 765 512 649 233 791 80 325 725 174 469 236 300 371 218 200 553 547 168 351 108 226 548 433 620 483 526 218 275 701 665 277 234 410 290 330 586 335 444 161 293 96 192 394 648 209 699 638 396 192 520 165 526 388 480 577 280 561 276 507 96 611 548 206 702 171 639 501 257 475 672 343 163 295 212 895 897 591 514 839 613 793 777 358 489 774 214 378 536 523 439 
