1000
600
1
10
15

0 571 166 720 442 899 964 466 1041 726 
571 0 479 446 167 547 496 292 472 216 
166 479 0 558 391 738 818 467 933 667 
720 446 558 0 555 182 325 703 611 630 
442 167 391 555 0 685 658 148 626 285 
899 547 738 182 685 0 208 829 557 693 
964 496 818 325 658 208 0 787 359 581 
466 292 467 703 148 829 787 0 704 313 
1041 472 933 611 626 557 359 704 0 403 
726 216 667 630 285 693 581 313 403 0 

1 1 1 1 1 1 1 1 1 1 1 1 1 1 1 
337 358 396 875 493 567 373 375 327 435 781 856 532 381 670 
458 257 501 439 774 310 199 516 348 395 675 550 432 792 272 
171 333 476 726 390 565 299 462 348 474 617 692 572 336 641 
405 603 865 232 595 748 500 870 691 787 257 136 851 708 716 
431 95 336 593 744 211 98 350 181 238 752 676 296 725 252 
587 747 1012 153 758 858 647 1019 839 923 338 71 975 883 801 
693 738 994 96 918 791 649 1007 832 891 538 273 924 1021 707 
546 139 223 730 846 101 225 244 141 107 896 822 148 801 214 
864 720 926 408 1151 661 671 948 803 809 861 612 802 1212 537 
670 371 531 556 987 258 368 555 434 414 875 712 399 993 137 
